{
 "cells": [
  {
   "cell_type": "code",
   "execution_count": 2,
   "id": "e7d9b041",
   "metadata": {},
   "outputs": [],
   "source": [
    "import pandas as pd\n",
    "import numpy as np\n",
    "from matplotlib import pyplot as plt\n",
    "import matplotlib"
   ]
  },
  {
   "cell_type": "code",
   "execution_count": 7,
   "id": "9f4f656d",
   "metadata": {},
   "outputs": [],
   "source": [
    "#configure\n",
    "path = \"RBS_length_aln.csv\"\n",
    "out_name = \"\".join(path.split(\".\")[0])"
   ]
  },
  {
   "cell_type": "code",
   "execution_count": 8,
   "id": "83af13bf",
   "metadata": {},
   "outputs": [
    {
     "data": {
      "text/html": [
       "<div>\n",
       "<style scoped>\n",
       "    .dataframe tbody tr th:only-of-type {\n",
       "        vertical-align: middle;\n",
       "    }\n",
       "\n",
       "    .dataframe tbody tr th {\n",
       "        vertical-align: top;\n",
       "    }\n",
       "\n",
       "    .dataframe thead th {\n",
       "        text-align: right;\n",
       "    }\n",
       "</style>\n",
       "<table border=\"1\" class=\"dataframe\">\n",
       "  <thead>\n",
       "    <tr style=\"text-align: right;\">\n",
       "      <th></th>\n",
       "      <th>1RVZ</th>\n",
       "      <th>4FQR</th>\n",
       "      <th>H3_RBS2</th>\n",
       "      <th>H2_RBS2</th>\n",
       "      <th>H1_RBS2</th>\n",
       "      <th>H3_RBS3</th>\n",
       "      <th>H2_RBS3</th>\n",
       "      <th>H1_RBS3</th>\n",
       "      <th>H1_RBS1</th>\n",
       "      <th>H2_RBS1</th>\n",
       "      <th>H3_RBS1</th>\n",
       "    </tr>\n",
       "    <tr>\n",
       "      <th></th>\n",
       "      <th></th>\n",
       "      <th></th>\n",
       "      <th></th>\n",
       "      <th></th>\n",
       "      <th></th>\n",
       "      <th></th>\n",
       "      <th></th>\n",
       "      <th></th>\n",
       "      <th></th>\n",
       "      <th></th>\n",
       "      <th></th>\n",
       "    </tr>\n",
       "  </thead>\n",
       "  <tbody>\n",
       "    <tr>\n",
       "      <th>1RVZ</th>\n",
       "      <td>0.000</td>\n",
       "      <td>1.950</td>\n",
       "      <td>1.034</td>\n",
       "      <td>0.830</td>\n",
       "      <td>0.576</td>\n",
       "      <td>1.384</td>\n",
       "      <td>0.719</td>\n",
       "      <td>0.623</td>\n",
       "      <td>0.865</td>\n",
       "      <td>1.059</td>\n",
       "      <td>1.007</td>\n",
       "    </tr>\n",
       "    <tr>\n",
       "      <th>4FQR</th>\n",
       "      <td>1.950</td>\n",
       "      <td>0.000</td>\n",
       "      <td>0.543</td>\n",
       "      <td>0.986</td>\n",
       "      <td>0.789</td>\n",
       "      <td>0.815</td>\n",
       "      <td>1.058</td>\n",
       "      <td>1.009</td>\n",
       "      <td>1.072</td>\n",
       "      <td>1.179</td>\n",
       "      <td>1.089</td>\n",
       "    </tr>\n",
       "    <tr>\n",
       "      <th>H3_RBS2</th>\n",
       "      <td>1.034</td>\n",
       "      <td>0.543</td>\n",
       "      <td>0.000</td>\n",
       "      <td>1.045</td>\n",
       "      <td>0.842</td>\n",
       "      <td>0.299</td>\n",
       "      <td>0.946</td>\n",
       "      <td>0.922</td>\n",
       "      <td>0.912</td>\n",
       "      <td>1.039</td>\n",
       "      <td>0.797</td>\n",
       "    </tr>\n",
       "    <tr>\n",
       "      <th>H2_RBS2</th>\n",
       "      <td>0.830</td>\n",
       "      <td>0.986</td>\n",
       "      <td>1.045</td>\n",
       "      <td>0.000</td>\n",
       "      <td>0.833</td>\n",
       "      <td>1.153</td>\n",
       "      <td>0.465</td>\n",
       "      <td>0.837</td>\n",
       "      <td>0.945</td>\n",
       "      <td>0.818</td>\n",
       "      <td>1.003</td>\n",
       "    </tr>\n",
       "    <tr>\n",
       "      <th>H1_RBS2</th>\n",
       "      <td>0.576</td>\n",
       "      <td>0.789</td>\n",
       "      <td>0.842</td>\n",
       "      <td>0.833</td>\n",
       "      <td>0.000</td>\n",
       "      <td>0.933</td>\n",
       "      <td>0.603</td>\n",
       "      <td>0.184</td>\n",
       "      <td>0.716</td>\n",
       "      <td>1.201</td>\n",
       "      <td>0.916</td>\n",
       "    </tr>\n",
       "    <tr>\n",
       "      <th>H3_RBS3</th>\n",
       "      <td>1.384</td>\n",
       "      <td>0.815</td>\n",
       "      <td>0.299</td>\n",
       "      <td>1.153</td>\n",
       "      <td>0.933</td>\n",
       "      <td>0.000</td>\n",
       "      <td>1.159</td>\n",
       "      <td>1.060</td>\n",
       "      <td>0.851</td>\n",
       "      <td>1.245</td>\n",
       "      <td>1.194</td>\n",
       "    </tr>\n",
       "    <tr>\n",
       "      <th>H2_RBS3</th>\n",
       "      <td>0.719</td>\n",
       "      <td>1.058</td>\n",
       "      <td>0.946</td>\n",
       "      <td>0.465</td>\n",
       "      <td>0.603</td>\n",
       "      <td>1.159</td>\n",
       "      <td>0.000</td>\n",
       "      <td>0.609</td>\n",
       "      <td>0.813</td>\n",
       "      <td>0.713</td>\n",
       "      <td>1.059</td>\n",
       "    </tr>\n",
       "    <tr>\n",
       "      <th>H1_RBS3</th>\n",
       "      <td>0.623</td>\n",
       "      <td>1.009</td>\n",
       "      <td>0.922</td>\n",
       "      <td>0.837</td>\n",
       "      <td>0.184</td>\n",
       "      <td>1.060</td>\n",
       "      <td>0.609</td>\n",
       "      <td>0.000</td>\n",
       "      <td>0.726</td>\n",
       "      <td>1.123</td>\n",
       "      <td>0.987</td>\n",
       "    </tr>\n",
       "    <tr>\n",
       "      <th>H1_RBS1</th>\n",
       "      <td>0.865</td>\n",
       "      <td>1.072</td>\n",
       "      <td>0.912</td>\n",
       "      <td>0.945</td>\n",
       "      <td>0.716</td>\n",
       "      <td>0.851</td>\n",
       "      <td>0.813</td>\n",
       "      <td>0.726</td>\n",
       "      <td>0.000</td>\n",
       "      <td>1.303</td>\n",
       "      <td>1.138</td>\n",
       "    </tr>\n",
       "    <tr>\n",
       "      <th>H2_RBS1</th>\n",
       "      <td>1.059</td>\n",
       "      <td>1.179</td>\n",
       "      <td>1.039</td>\n",
       "      <td>0.818</td>\n",
       "      <td>1.201</td>\n",
       "      <td>1.245</td>\n",
       "      <td>0.713</td>\n",
       "      <td>1.123</td>\n",
       "      <td>1.303</td>\n",
       "      <td>0.000</td>\n",
       "      <td>1.192</td>\n",
       "    </tr>\n",
       "    <tr>\n",
       "      <th>H3_RBS1</th>\n",
       "      <td>1.007</td>\n",
       "      <td>1.089</td>\n",
       "      <td>0.797</td>\n",
       "      <td>1.003</td>\n",
       "      <td>0.916</td>\n",
       "      <td>1.194</td>\n",
       "      <td>1.059</td>\n",
       "      <td>0.987</td>\n",
       "      <td>1.138</td>\n",
       "      <td>1.192</td>\n",
       "      <td>0.000</td>\n",
       "    </tr>\n",
       "  </tbody>\n",
       "</table>\n",
       "</div>"
      ],
      "text/plain": [
       "          1RVZ   4FQR   H3_RBS2   H2_RBS2   H1_RBS2   H3_RBS3   H2_RBS3  \\\n",
       "                                                                          \n",
       "1RVZ     0.000  1.950     1.034     0.830     0.576     1.384     0.719   \n",
       "4FQR     1.950  0.000     0.543     0.986     0.789     0.815     1.058   \n",
       "H3_RBS2  1.034  0.543     0.000     1.045     0.842     0.299     0.946   \n",
       "H2_RBS2  0.830  0.986     1.045     0.000     0.833     1.153     0.465   \n",
       "H1_RBS2  0.576  0.789     0.842     0.833     0.000     0.933     0.603   \n",
       "H3_RBS3  1.384  0.815     0.299     1.153     0.933     0.000     1.159   \n",
       "H2_RBS3  0.719  1.058     0.946     0.465     0.603     1.159     0.000   \n",
       "H1_RBS3  0.623  1.009     0.922     0.837     0.184     1.060     0.609   \n",
       "H1_RBS1  0.865  1.072     0.912     0.945     0.716     0.851     0.813   \n",
       "H2_RBS1  1.059  1.179     1.039     0.818     1.201     1.245     0.713   \n",
       "H3_RBS1  1.007  1.089     0.797     1.003     0.916     1.194     1.059   \n",
       "\n",
       "          H1_RBS3  H1_RBS1  H2_RBS1  H3_RBS1   \n",
       "                                               \n",
       "1RVZ        0.623    0.865    1.059     1.007  \n",
       "4FQR        1.009    1.072    1.179     1.089  \n",
       "H3_RBS2     0.922    0.912    1.039     0.797  \n",
       "H2_RBS2     0.837    0.945    0.818     1.003  \n",
       "H1_RBS2     0.184    0.716    1.201     0.916  \n",
       "H3_RBS3     1.060    0.851    1.245     1.194  \n",
       "H2_RBS3     0.609    0.813    0.713     1.059  \n",
       "H1_RBS3     0.000    0.726    1.123     0.987  \n",
       "H1_RBS1     0.726    0.000    1.303     1.138  \n",
       "H2_RBS1     1.123    1.303    0.000     1.192  \n",
       "H3_RBS1     0.987    1.138    1.192     0.000  "
      ]
     },
     "execution_count": 8,
     "metadata": {},
     "output_type": "execute_result"
    }
   ],
   "source": [
    "df = pd.read_csv(path, index_col=0)\n",
    "df"
   ]
  },
  {
   "cell_type": "code",
   "execution_count": 9,
   "id": "087d3f27",
   "metadata": {},
   "outputs": [
    {
     "data": {
      "text/html": [
       "<div>\n",
       "<style scoped>\n",
       "    .dataframe tbody tr th:only-of-type {\n",
       "        vertical-align: middle;\n",
       "    }\n",
       "\n",
       "    .dataframe tbody tr th {\n",
       "        vertical-align: top;\n",
       "    }\n",
       "\n",
       "    .dataframe thead th {\n",
       "        text-align: right;\n",
       "    }\n",
       "</style>\n",
       "<table border=\"1\" class=\"dataframe\">\n",
       "  <thead>\n",
       "    <tr style=\"text-align: right;\">\n",
       "      <th></th>\n",
       "      <th>1RVZ</th>\n",
       "      <th>4FQR</th>\n",
       "      <th>H3_RBS2</th>\n",
       "      <th>H2_RBS2</th>\n",
       "      <th>H1_RBS2</th>\n",
       "      <th>H3_RBS3</th>\n",
       "      <th>H2_RBS3</th>\n",
       "      <th>H1_RBS3</th>\n",
       "      <th>H1_RBS1</th>\n",
       "      <th>H2_RBS1</th>\n",
       "      <th>H3_RBS1</th>\n",
       "    </tr>\n",
       "  </thead>\n",
       "  <tbody>\n",
       "    <tr>\n",
       "      <th>count</th>\n",
       "      <td>11.000000</td>\n",
       "      <td>11.000000</td>\n",
       "      <td>11.000000</td>\n",
       "      <td>11.000000</td>\n",
       "      <td>11.000000</td>\n",
       "      <td>11.000000</td>\n",
       "      <td>11.000000</td>\n",
       "      <td>11.000000</td>\n",
       "      <td>11.000000</td>\n",
       "      <td>11.000000</td>\n",
       "      <td>11.000000</td>\n",
       "    </tr>\n",
       "    <tr>\n",
       "      <th>mean</th>\n",
       "      <td>0.913364</td>\n",
       "      <td>0.953636</td>\n",
       "      <td>0.761727</td>\n",
       "      <td>0.810455</td>\n",
       "      <td>0.690273</td>\n",
       "      <td>0.917545</td>\n",
       "      <td>0.740364</td>\n",
       "      <td>0.734545</td>\n",
       "      <td>0.849182</td>\n",
       "      <td>0.988364</td>\n",
       "      <td>0.943818</td>\n",
       "    </tr>\n",
       "    <tr>\n",
       "      <th>std</th>\n",
       "      <td>0.491942</td>\n",
       "      <td>0.470663</td>\n",
       "      <td>0.341080</td>\n",
       "      <td>0.321896</td>\n",
       "      <td>0.343217</td>\n",
       "      <td>0.421300</td>\n",
       "      <td>0.329626</td>\n",
       "      <td>0.362277</td>\n",
       "      <td>0.332825</td>\n",
       "      <td>0.373534</td>\n",
       "      <td>0.334472</td>\n",
       "    </tr>\n",
       "    <tr>\n",
       "      <th>min</th>\n",
       "      <td>0.000000</td>\n",
       "      <td>0.000000</td>\n",
       "      <td>0.000000</td>\n",
       "      <td>0.000000</td>\n",
       "      <td>0.000000</td>\n",
       "      <td>0.000000</td>\n",
       "      <td>0.000000</td>\n",
       "      <td>0.000000</td>\n",
       "      <td>0.000000</td>\n",
       "      <td>0.000000</td>\n",
       "      <td>0.000000</td>\n",
       "    </tr>\n",
       "    <tr>\n",
       "      <th>25%</th>\n",
       "      <td>0.671000</td>\n",
       "      <td>0.802000</td>\n",
       "      <td>0.670000</td>\n",
       "      <td>0.824000</td>\n",
       "      <td>0.589500</td>\n",
       "      <td>0.833000</td>\n",
       "      <td>0.606000</td>\n",
       "      <td>0.616000</td>\n",
       "      <td>0.769500</td>\n",
       "      <td>0.928500</td>\n",
       "      <td>0.951500</td>\n",
       "    </tr>\n",
       "    <tr>\n",
       "      <th>50%</th>\n",
       "      <td>0.865000</td>\n",
       "      <td>1.009000</td>\n",
       "      <td>0.912000</td>\n",
       "      <td>0.837000</td>\n",
       "      <td>0.789000</td>\n",
       "      <td>1.060000</td>\n",
       "      <td>0.719000</td>\n",
       "      <td>0.837000</td>\n",
       "      <td>0.865000</td>\n",
       "      <td>1.123000</td>\n",
       "      <td>1.007000</td>\n",
       "    </tr>\n",
       "    <tr>\n",
       "      <th>75%</th>\n",
       "      <td>1.046500</td>\n",
       "      <td>1.080500</td>\n",
       "      <td>0.990000</td>\n",
       "      <td>0.994500</td>\n",
       "      <td>0.879000</td>\n",
       "      <td>1.176500</td>\n",
       "      <td>1.002000</td>\n",
       "      <td>0.998000</td>\n",
       "      <td>1.008500</td>\n",
       "      <td>1.196500</td>\n",
       "      <td>1.113500</td>\n",
       "    </tr>\n",
       "    <tr>\n",
       "      <th>max</th>\n",
       "      <td>1.950000</td>\n",
       "      <td>1.950000</td>\n",
       "      <td>1.045000</td>\n",
       "      <td>1.153000</td>\n",
       "      <td>1.201000</td>\n",
       "      <td>1.384000</td>\n",
       "      <td>1.159000</td>\n",
       "      <td>1.123000</td>\n",
       "      <td>1.303000</td>\n",
       "      <td>1.303000</td>\n",
       "      <td>1.194000</td>\n",
       "    </tr>\n",
       "  </tbody>\n",
       "</table>\n",
       "</div>"
      ],
      "text/plain": [
       "            1RVZ       4FQR    H3_RBS2    H2_RBS2    H1_RBS2    H3_RBS3  \\\n",
       "count  11.000000  11.000000  11.000000  11.000000  11.000000  11.000000   \n",
       "mean    0.913364   0.953636   0.761727   0.810455   0.690273   0.917545   \n",
       "std     0.491942   0.470663   0.341080   0.321896   0.343217   0.421300   \n",
       "min     0.000000   0.000000   0.000000   0.000000   0.000000   0.000000   \n",
       "25%     0.671000   0.802000   0.670000   0.824000   0.589500   0.833000   \n",
       "50%     0.865000   1.009000   0.912000   0.837000   0.789000   1.060000   \n",
       "75%     1.046500   1.080500   0.990000   0.994500   0.879000   1.176500   \n",
       "max     1.950000   1.950000   1.045000   1.153000   1.201000   1.384000   \n",
       "\n",
       "         H2_RBS3    H1_RBS3    H1_RBS1    H2_RBS1   H3_RBS1   \n",
       "count  11.000000  11.000000  11.000000  11.000000  11.000000  \n",
       "mean    0.740364   0.734545   0.849182   0.988364   0.943818  \n",
       "std     0.329626   0.362277   0.332825   0.373534   0.334472  \n",
       "min     0.000000   0.000000   0.000000   0.000000   0.000000  \n",
       "25%     0.606000   0.616000   0.769500   0.928500   0.951500  \n",
       "50%     0.719000   0.837000   0.865000   1.123000   1.007000  \n",
       "75%     1.002000   0.998000   1.008500   1.196500   1.113500  \n",
       "max     1.159000   1.123000   1.303000   1.303000   1.194000  "
      ]
     },
     "execution_count": 9,
     "metadata": {},
     "output_type": "execute_result"
    }
   ],
   "source": [
    "df.describe()"
   ]
  },
  {
   "cell_type": "code",
   "execution_count": 40,
   "id": "a91ef18a",
   "metadata": {},
   "outputs": [
    {
     "name": "stdout",
     "output_type": "stream",
     "text": [
      "H1_H3_H5_af H1_H3_H5_af\n",
      "H1_H3__af H1_H3__af\n",
      "H7_af H7_af\n",
      "H5_af H5_af\n",
      "H3_af H3_af\n",
      "H2_af H2_af\n",
      "H1_af H1_af\n",
      "human_af human_af\n"
     ]
    }
   ],
   "source": [
    "for name_c, name_r in zip(df.columns, df.index):\n",
    "    if \"H\" in name_c:\n",
    "        print(name_c, name_r)\n",
    "        df = df.rename(columns={name_c: name_c+\"_RBS\" }, index={name_r: name_r+\"_RBS\"})\n",
    "    else:\n",
    "        df = df.rename(columns={name_c: name_c+\"_monomer\"}, index={name_c: name_c+\"_monomer\"})\n",
    "        "
   ]
  },
  {
   "cell_type": "code",
   "execution_count": 5,
   "id": "5dd39456",
   "metadata": {},
   "outputs": [
    {
     "data": {
      "text/html": [
       "<div>\n",
       "<style scoped>\n",
       "    .dataframe tbody tr th:only-of-type {\n",
       "        vertical-align: middle;\n",
       "    }\n",
       "\n",
       "    .dataframe tbody tr th {\n",
       "        vertical-align: top;\n",
       "    }\n",
       "\n",
       "    .dataframe thead th {\n",
       "        text-align: right;\n",
       "    }\n",
       "</style>\n",
       "<table border=\"1\" class=\"dataframe\">\n",
       "  <thead>\n",
       "    <tr style=\"text-align: right;\">\n",
       "      <th></th>\n",
       "      <th>1RVZ_RBS</th>\n",
       "      <th>4FQR_RBS</th>\n",
       "      <th>human</th>\n",
       "      <th>H7</th>\n",
       "      <th>H5</th>\n",
       "      <th>H3</th>\n",
       "      <th>H2</th>\n",
       "      <th>H1</th>\n",
       "    </tr>\n",
       "  </thead>\n",
       "  <tbody>\n",
       "    <tr>\n",
       "      <th>1RVZ_RBS</th>\n",
       "      <td>0.000</td>\n",
       "      <td>1.143</td>\n",
       "      <td>1.313</td>\n",
       "      <td>0.792</td>\n",
       "      <td>0.806</td>\n",
       "      <td>1.384</td>\n",
       "      <td>0.719</td>\n",
       "      <td>0.623</td>\n",
       "    </tr>\n",
       "    <tr>\n",
       "      <th>4FQR_RBS</th>\n",
       "      <td>1.143</td>\n",
       "      <td>0.000</td>\n",
       "      <td>0.965</td>\n",
       "      <td>1.157</td>\n",
       "      <td>1.163</td>\n",
       "      <td>0.843</td>\n",
       "      <td>1.073</td>\n",
       "      <td>1.019</td>\n",
       "    </tr>\n",
       "    <tr>\n",
       "      <th>human</th>\n",
       "      <td>1.313</td>\n",
       "      <td>0.965</td>\n",
       "      <td>0.000</td>\n",
       "      <td>1.218</td>\n",
       "      <td>1.106</td>\n",
       "      <td>0.636</td>\n",
       "      <td>1.163</td>\n",
       "      <td>1.273</td>\n",
       "    </tr>\n",
       "    <tr>\n",
       "      <th>H7</th>\n",
       "      <td>0.792</td>\n",
       "      <td>1.157</td>\n",
       "      <td>1.218</td>\n",
       "      <td>0.000</td>\n",
       "      <td>0.954</td>\n",
       "      <td>1.327</td>\n",
       "      <td>0.675</td>\n",
       "      <td>0.795</td>\n",
       "    </tr>\n",
       "    <tr>\n",
       "      <th>H5</th>\n",
       "      <td>0.806</td>\n",
       "      <td>1.163</td>\n",
       "      <td>1.106</td>\n",
       "      <td>0.954</td>\n",
       "      <td>0.000</td>\n",
       "      <td>0.951</td>\n",
       "      <td>0.795</td>\n",
       "      <td>0.640</td>\n",
       "    </tr>\n",
       "    <tr>\n",
       "      <th>H3</th>\n",
       "      <td>1.384</td>\n",
       "      <td>0.843</td>\n",
       "      <td>0.636</td>\n",
       "      <td>1.327</td>\n",
       "      <td>0.951</td>\n",
       "      <td>0.000</td>\n",
       "      <td>1.159</td>\n",
       "      <td>1.060</td>\n",
       "    </tr>\n",
       "    <tr>\n",
       "      <th>H2</th>\n",
       "      <td>0.719</td>\n",
       "      <td>1.073</td>\n",
       "      <td>1.163</td>\n",
       "      <td>0.675</td>\n",
       "      <td>0.795</td>\n",
       "      <td>1.159</td>\n",
       "      <td>0.000</td>\n",
       "      <td>0.609</td>\n",
       "    </tr>\n",
       "    <tr>\n",
       "      <th>H1</th>\n",
       "      <td>0.623</td>\n",
       "      <td>1.019</td>\n",
       "      <td>1.273</td>\n",
       "      <td>0.795</td>\n",
       "      <td>0.640</td>\n",
       "      <td>1.060</td>\n",
       "      <td>0.609</td>\n",
       "      <td>0.000</td>\n",
       "    </tr>\n",
       "  </tbody>\n",
       "</table>\n",
       "</div>"
      ],
      "text/plain": [
       "          1RVZ_RBS  4FQR_RBS  human     H7     H5     H3     H2    H1 \n",
       "1RVZ_RBS     0.000     1.143  1.313  0.792  0.806  1.384  0.719  0.623\n",
       "4FQR_RBS     1.143     0.000  0.965  1.157  1.163  0.843  1.073  1.019\n",
       "human        1.313     0.965  0.000  1.218  1.106  0.636  1.163  1.273\n",
       "H7           0.792     1.157  1.218  0.000  0.954  1.327  0.675  0.795\n",
       "H5           0.806     1.163  1.106  0.954  0.000  0.951  0.795  0.640\n",
       "H3           1.384     0.843  0.636  1.327  0.951  0.000  1.159  1.060\n",
       "H2           0.719     1.073  1.163  0.675  0.795  1.159  0.000  0.609\n",
       "H1           0.623     1.019  1.273  0.795  0.640  1.060  0.609  0.000"
      ]
     },
     "execution_count": 5,
     "metadata": {},
     "output_type": "execute_result"
    }
   ],
   "source": [
    "df"
   ]
  },
  {
   "cell_type": "markdown",
   "id": "bd963e16",
   "metadata": {},
   "source": []
  },
  {
   "cell_type": "code",
   "execution_count": 50,
   "id": "23242717",
   "metadata": {},
   "outputs": [],
   "source": [
    "#df.describe().loc[\"mean\"].to_csv(\"RMSD_means.csv\")"
   ]
  },
  {
   "cell_type": "code",
   "execution_count": 10,
   "id": "d3234dc6",
   "metadata": {},
   "outputs": [
    {
     "data": {
      "text/html": [
       "<div>\n",
       "<style scoped>\n",
       "    .dataframe tbody tr th:only-of-type {\n",
       "        vertical-align: middle;\n",
       "    }\n",
       "\n",
       "    .dataframe tbody tr th {\n",
       "        vertical-align: top;\n",
       "    }\n",
       "\n",
       "    .dataframe thead th {\n",
       "        text-align: right;\n",
       "    }\n",
       "</style>\n",
       "<table border=\"1\" class=\"dataframe\">\n",
       "  <thead>\n",
       "    <tr style=\"text-align: right;\">\n",
       "      <th></th>\n",
       "      <th>1RVZ</th>\n",
       "      <th>4FQR</th>\n",
       "      <th>H3_RBS2</th>\n",
       "      <th>H2_RBS2</th>\n",
       "      <th>H1_RBS2</th>\n",
       "      <th>H3_RBS3</th>\n",
       "      <th>H2_RBS3</th>\n",
       "      <th>H1_RBS3</th>\n",
       "      <th>H1_RBS1</th>\n",
       "      <th>H2_RBS1</th>\n",
       "      <th>H3_RBS1</th>\n",
       "    </tr>\n",
       "    <tr>\n",
       "      <th></th>\n",
       "      <th></th>\n",
       "      <th></th>\n",
       "      <th></th>\n",
       "      <th></th>\n",
       "      <th></th>\n",
       "      <th></th>\n",
       "      <th></th>\n",
       "      <th></th>\n",
       "      <th></th>\n",
       "      <th></th>\n",
       "      <th></th>\n",
       "    </tr>\n",
       "  </thead>\n",
       "  <tbody>\n",
       "    <tr>\n",
       "      <th>1RVZ</th>\n",
       "      <td>0.000000</td>\n",
       "      <td>1.950000</td>\n",
       "      <td>1.034000</td>\n",
       "      <td>0.830000</td>\n",
       "      <td>0.576000</td>\n",
       "      <td>1.384000</td>\n",
       "      <td>0.719000</td>\n",
       "      <td>0.623000</td>\n",
       "      <td>0.865000</td>\n",
       "      <td>1.059000</td>\n",
       "      <td>1.007000</td>\n",
       "    </tr>\n",
       "    <tr>\n",
       "      <th>4FQR</th>\n",
       "      <td>1.950000</td>\n",
       "      <td>0.000000</td>\n",
       "      <td>0.543000</td>\n",
       "      <td>0.986000</td>\n",
       "      <td>0.789000</td>\n",
       "      <td>0.815000</td>\n",
       "      <td>1.058000</td>\n",
       "      <td>1.009000</td>\n",
       "      <td>1.072000</td>\n",
       "      <td>1.179000</td>\n",
       "      <td>1.089000</td>\n",
       "    </tr>\n",
       "    <tr>\n",
       "      <th>H3_RBS2</th>\n",
       "      <td>1.034000</td>\n",
       "      <td>0.543000</td>\n",
       "      <td>0.000000</td>\n",
       "      <td>1.045000</td>\n",
       "      <td>0.842000</td>\n",
       "      <td>0.299000</td>\n",
       "      <td>0.946000</td>\n",
       "      <td>0.922000</td>\n",
       "      <td>0.912000</td>\n",
       "      <td>1.039000</td>\n",
       "      <td>0.797000</td>\n",
       "    </tr>\n",
       "    <tr>\n",
       "      <th>H2_RBS2</th>\n",
       "      <td>0.830000</td>\n",
       "      <td>0.986000</td>\n",
       "      <td>1.045000</td>\n",
       "      <td>0.000000</td>\n",
       "      <td>0.833000</td>\n",
       "      <td>1.153000</td>\n",
       "      <td>0.465000</td>\n",
       "      <td>0.837000</td>\n",
       "      <td>0.945000</td>\n",
       "      <td>0.818000</td>\n",
       "      <td>1.003000</td>\n",
       "    </tr>\n",
       "    <tr>\n",
       "      <th>H1_RBS2</th>\n",
       "      <td>0.576000</td>\n",
       "      <td>0.789000</td>\n",
       "      <td>0.842000</td>\n",
       "      <td>0.833000</td>\n",
       "      <td>0.000000</td>\n",
       "      <td>0.933000</td>\n",
       "      <td>0.603000</td>\n",
       "      <td>0.184000</td>\n",
       "      <td>0.716000</td>\n",
       "      <td>1.201000</td>\n",
       "      <td>0.916000</td>\n",
       "    </tr>\n",
       "    <tr>\n",
       "      <th>H3_RBS3</th>\n",
       "      <td>1.384000</td>\n",
       "      <td>0.815000</td>\n",
       "      <td>0.299000</td>\n",
       "      <td>1.153000</td>\n",
       "      <td>0.933000</td>\n",
       "      <td>0.000000</td>\n",
       "      <td>1.159000</td>\n",
       "      <td>1.060000</td>\n",
       "      <td>0.851000</td>\n",
       "      <td>1.245000</td>\n",
       "      <td>1.194000</td>\n",
       "    </tr>\n",
       "    <tr>\n",
       "      <th>H2_RBS3</th>\n",
       "      <td>0.719000</td>\n",
       "      <td>1.058000</td>\n",
       "      <td>0.946000</td>\n",
       "      <td>0.465000</td>\n",
       "      <td>0.603000</td>\n",
       "      <td>1.159000</td>\n",
       "      <td>0.000000</td>\n",
       "      <td>0.609000</td>\n",
       "      <td>0.813000</td>\n",
       "      <td>0.713000</td>\n",
       "      <td>1.059000</td>\n",
       "    </tr>\n",
       "    <tr>\n",
       "      <th>H1_RBS3</th>\n",
       "      <td>0.623000</td>\n",
       "      <td>1.009000</td>\n",
       "      <td>0.922000</td>\n",
       "      <td>0.837000</td>\n",
       "      <td>0.184000</td>\n",
       "      <td>1.060000</td>\n",
       "      <td>0.609000</td>\n",
       "      <td>0.000000</td>\n",
       "      <td>0.726000</td>\n",
       "      <td>1.123000</td>\n",
       "      <td>0.987000</td>\n",
       "    </tr>\n",
       "    <tr>\n",
       "      <th>H1_RBS1</th>\n",
       "      <td>0.865000</td>\n",
       "      <td>1.072000</td>\n",
       "      <td>0.912000</td>\n",
       "      <td>0.945000</td>\n",
       "      <td>0.716000</td>\n",
       "      <td>0.851000</td>\n",
       "      <td>0.813000</td>\n",
       "      <td>0.726000</td>\n",
       "      <td>0.000000</td>\n",
       "      <td>1.303000</td>\n",
       "      <td>1.138000</td>\n",
       "    </tr>\n",
       "    <tr>\n",
       "      <th>H2_RBS1</th>\n",
       "      <td>1.059000</td>\n",
       "      <td>1.179000</td>\n",
       "      <td>1.039000</td>\n",
       "      <td>0.818000</td>\n",
       "      <td>1.201000</td>\n",
       "      <td>1.245000</td>\n",
       "      <td>0.713000</td>\n",
       "      <td>1.123000</td>\n",
       "      <td>1.303000</td>\n",
       "      <td>0.000000</td>\n",
       "      <td>1.192000</td>\n",
       "    </tr>\n",
       "    <tr>\n",
       "      <th>H3_RBS1</th>\n",
       "      <td>1.007000</td>\n",
       "      <td>1.089000</td>\n",
       "      <td>0.797000</td>\n",
       "      <td>1.003000</td>\n",
       "      <td>0.916000</td>\n",
       "      <td>1.194000</td>\n",
       "      <td>1.059000</td>\n",
       "      <td>0.987000</td>\n",
       "      <td>1.138000</td>\n",
       "      <td>1.192000</td>\n",
       "      <td>0.000000</td>\n",
       "    </tr>\n",
       "    <tr>\n",
       "      <th>MEAN</th>\n",
       "      <td>0.913364</td>\n",
       "      <td>0.953636</td>\n",
       "      <td>0.761727</td>\n",
       "      <td>0.810455</td>\n",
       "      <td>0.690273</td>\n",
       "      <td>0.917545</td>\n",
       "      <td>0.740364</td>\n",
       "      <td>0.734545</td>\n",
       "      <td>0.849182</td>\n",
       "      <td>0.988364</td>\n",
       "      <td>0.943818</td>\n",
       "    </tr>\n",
       "  </tbody>\n",
       "</table>\n",
       "</div>"
      ],
      "text/plain": [
       "             1RVZ      4FQR   H3_RBS2   H2_RBS2   H1_RBS2   H3_RBS3   H2_RBS3  \\\n",
       "                                                                                \n",
       "1RVZ     0.000000  1.950000  1.034000  0.830000  0.576000  1.384000  0.719000   \n",
       "4FQR     1.950000  0.000000  0.543000  0.986000  0.789000  0.815000  1.058000   \n",
       "H3_RBS2  1.034000  0.543000  0.000000  1.045000  0.842000  0.299000  0.946000   \n",
       "H2_RBS2  0.830000  0.986000  1.045000  0.000000  0.833000  1.153000  0.465000   \n",
       "H1_RBS2  0.576000  0.789000  0.842000  0.833000  0.000000  0.933000  0.603000   \n",
       "H3_RBS3  1.384000  0.815000  0.299000  1.153000  0.933000  0.000000  1.159000   \n",
       "H2_RBS3  0.719000  1.058000  0.946000  0.465000  0.603000  1.159000  0.000000   \n",
       "H1_RBS3  0.623000  1.009000  0.922000  0.837000  0.184000  1.060000  0.609000   \n",
       "H1_RBS1  0.865000  1.072000  0.912000  0.945000  0.716000  0.851000  0.813000   \n",
       "H2_RBS1  1.059000  1.179000  1.039000  0.818000  1.201000  1.245000  0.713000   \n",
       "H3_RBS1  1.007000  1.089000  0.797000  1.003000  0.916000  1.194000  1.059000   \n",
       "MEAN     0.913364  0.953636  0.761727  0.810455  0.690273  0.917545  0.740364   \n",
       "\n",
       "          H1_RBS3   H1_RBS1   H2_RBS1  H3_RBS1   \n",
       "                                                 \n",
       "1RVZ     0.623000  0.865000  1.059000  1.007000  \n",
       "4FQR     1.009000  1.072000  1.179000  1.089000  \n",
       "H3_RBS2  0.922000  0.912000  1.039000  0.797000  \n",
       "H2_RBS2  0.837000  0.945000  0.818000  1.003000  \n",
       "H1_RBS2  0.184000  0.716000  1.201000  0.916000  \n",
       "H3_RBS3  1.060000  0.851000  1.245000  1.194000  \n",
       "H2_RBS3  0.609000  0.813000  0.713000  1.059000  \n",
       "H1_RBS3  0.000000  0.726000  1.123000  0.987000  \n",
       "H1_RBS1  0.726000  0.000000  1.303000  1.138000  \n",
       "H2_RBS1  1.123000  1.303000  0.000000  1.192000  \n",
       "H3_RBS1  0.987000  1.138000  1.192000  0.000000  \n",
       "MEAN     0.734545  0.849182  0.988364  0.943818  "
      ]
     },
     "execution_count": 10,
     "metadata": {},
     "output_type": "execute_result"
    }
   ],
   "source": [
    "df.loc['MEAN'] = df.mean()\n",
    "df"
   ]
  },
  {
   "cell_type": "code",
   "execution_count": 11,
   "id": "c3ff71f9",
   "metadata": {},
   "outputs": [],
   "source": [
    "df.to_csv(path)"
   ]
  },
  {
   "cell_type": "code",
   "execution_count": 12,
   "id": "bcdc9bd0",
   "metadata": {},
   "outputs": [
    {
     "data": {
      "text/plain": [
       "(['1RVZ',\n",
       "  ' 4FQR',\n",
       "  ' H3_RBS2',\n",
       "  ' H2_RBS2',\n",
       "  ' H1_RBS2',\n",
       "  ' H3_RBS3',\n",
       "  ' H2_RBS3',\n",
       "  ' H1_RBS3',\n",
       "  'H1_RBS1',\n",
       "  'H2_RBS1',\n",
       "  'H3_RBS1 '],\n",
       " ['1RVZ',\n",
       "  '4FQR',\n",
       "  'H3_RBS2',\n",
       "  'H2_RBS2',\n",
       "  'H1_RBS2',\n",
       "  'H3_RBS3',\n",
       "  'H2_RBS3',\n",
       "  'H1_RBS3',\n",
       "  'H1_RBS1',\n",
       "  'H2_RBS1',\n",
       "  'H3_RBS1',\n",
       "  'MEAN'])"
      ]
     },
     "execution_count": 12,
     "metadata": {},
     "output_type": "execute_result"
    }
   ],
   "source": [
    "h_labels = list(df.columns)\n",
    "v_labels = list(df.index)\n",
    "h_labels, v_labels"
   ]
  },
  {
   "cell_type": "code",
   "execution_count": 13,
   "id": "c89130a0",
   "metadata": {},
   "outputs": [
    {
     "data": {
      "text/plain": [
       "array([[0.        , 1.95      , 1.034     , 0.83      , 0.576     ,\n",
       "        1.384     , 0.719     , 0.623     , 0.865     , 1.059     ,\n",
       "        1.007     ],\n",
       "       [1.95      , 0.        , 0.543     , 0.986     , 0.789     ,\n",
       "        0.815     , 1.058     , 1.009     , 1.072     , 1.179     ,\n",
       "        1.089     ],\n",
       "       [1.034     , 0.543     , 0.        , 1.045     , 0.842     ,\n",
       "        0.299     , 0.946     , 0.922     , 0.912     , 1.039     ,\n",
       "        0.797     ],\n",
       "       [0.83      , 0.986     , 1.045     , 0.        , 0.833     ,\n",
       "        1.153     , 0.465     , 0.837     , 0.945     , 0.818     ,\n",
       "        1.003     ],\n",
       "       [0.576     , 0.789     , 0.842     , 0.833     , 0.        ,\n",
       "        0.933     , 0.603     , 0.184     , 0.716     , 1.201     ,\n",
       "        0.916     ],\n",
       "       [1.384     , 0.815     , 0.299     , 1.153     , 0.933     ,\n",
       "        0.        , 1.159     , 1.06      , 0.851     , 1.245     ,\n",
       "        1.194     ],\n",
       "       [0.719     , 1.058     , 0.946     , 0.465     , 0.603     ,\n",
       "        1.159     , 0.        , 0.609     , 0.813     , 0.713     ,\n",
       "        1.059     ],\n",
       "       [0.623     , 1.009     , 0.922     , 0.837     , 0.184     ,\n",
       "        1.06      , 0.609     , 0.        , 0.726     , 1.123     ,\n",
       "        0.987     ],\n",
       "       [0.865     , 1.072     , 0.912     , 0.945     , 0.716     ,\n",
       "        0.851     , 0.813     , 0.726     , 0.        , 1.303     ,\n",
       "        1.138     ],\n",
       "       [1.059     , 1.179     , 1.039     , 0.818     , 1.201     ,\n",
       "        1.245     , 0.713     , 1.123     , 1.303     , 0.        ,\n",
       "        1.192     ],\n",
       "       [1.007     , 1.089     , 0.797     , 1.003     , 0.916     ,\n",
       "        1.194     , 1.059     , 0.987     , 1.138     , 1.192     ,\n",
       "        0.        ],\n",
       "       [0.91336364, 0.95363636, 0.76172727, 0.81045455, 0.69027273,\n",
       "        0.91754545, 0.74036364, 0.73454545, 0.84918182, 0.98836364,\n",
       "        0.94381818]])"
      ]
     },
     "execution_count": 13,
     "metadata": {},
     "output_type": "execute_result"
    }
   ],
   "source": [
    "matrix = df.to_numpy()\n",
    "matrix"
   ]
  },
  {
   "cell_type": "code",
   "execution_count": 14,
   "id": "b49e6a3d",
   "metadata": {},
   "outputs": [],
   "source": [
    "def heatmap(data, row_labels, col_labels, ax=None,\n",
    "            cbar_kw={}, cbarlabel=\"\", **kwargs):\n",
    "    \"\"\"\n",
    "    Create a heatmap from a numpy array and two lists of labels.\n",
    "\n",
    "    Parameters\n",
    "    ----------\n",
    "    data\n",
    "        A 2D numpy array of shape (M, N).\n",
    "    row_labels\n",
    "        A list or array of length M with the labels for the rows.\n",
    "    col_labels\n",
    "        A list or array of length N with the labels for the columns.\n",
    "    ax\n",
    "        A `matplotlib.axes.Axes` instance to which the heatmap is plotted.  If\n",
    "        not provided, use current axes or create a new one.  Optional.\n",
    "    cbar_kw\n",
    "        A dictionary with arguments to `matplotlib.Figure.colorbar`.  Optional.\n",
    "    cbarlabel\n",
    "        The label for the colorbar.  Optional.\n",
    "    **kwargs\n",
    "        All other arguments are forwarded to `imshow`.\n",
    "    \"\"\"\n",
    "\n",
    "    if not ax:\n",
    "        ax = plt.gca()\n",
    "\n",
    "    # Plot the heatmap\n",
    "    im = ax.imshow(data, **kwargs)\n",
    "\n",
    "    # Create colorbar\n",
    "    cbar = ax.figure.colorbar(im, ax=ax, **cbar_kw)\n",
    "    cbar.ax.set_ylabel(cbarlabel, rotation=-90, va=\"bottom\")\n",
    "\n",
    "    # Show all ticks and label them with the respective list entries.\n",
    "    ax.set_xticks(np.arange(data.shape[1]), labels=col_labels)\n",
    "    ax.set_yticks(np.arange(data.shape[0]), labels=row_labels)\n",
    "\n",
    "    # Let the horizontal axes labeling appear on top.\n",
    "    ax.tick_params(top=True, bottom=False,\n",
    "                   labeltop=True, labelbottom=False)\n",
    "\n",
    "    # Rotate the tick labels and set their alignment.\n",
    "    plt.setp(ax.get_xticklabels(), rotation=-60, ha=\"right\",\n",
    "             rotation_mode=\"anchor\")\n",
    "\n",
    "    # Turn spines off and create white grid.\n",
    "    ax.spines[:].set_visible(False)\n",
    "\n",
    "    ax.set_xticks(np.arange(data.shape[1]+1)-.5, minor=True)\n",
    "    ax.set_yticks(np.arange(data.shape[0]+1)-.5, minor=True)\n",
    "#     ax.grid(which=\"minor\", color=\"w\", linestyle='-', linewidth=3)\n",
    "#     ax.tick_params(which=\"minor\", bottom=False, left=False)\n",
    "\n",
    "    return im, cbar\n",
    "\n",
    "\n",
    "def annotate_heatmap(im, data=None, valfmt=\"{x:.2f}\",\n",
    "                     textcolors=(\"black\", \"white\"),\n",
    "                     threshold=None, **textkw):\n",
    "    \"\"\"\n",
    "    A function to annotate a heatmap.\n",
    "\n",
    "    Parameters\n",
    "    ----------\n",
    "    im\n",
    "        The AxesImage to be labeled.\n",
    "    data\n",
    "        Data used to annotate.  If None, the image's data is used.  Optional.\n",
    "    valfmt\n",
    "        The format of the annotations inside the heatmap.  This should either\n",
    "        use the string format method, e.g. \"$ {x:.2f}\", or be a\n",
    "        `matplotlib.ticker.Formatter`.  Optional.\n",
    "    textcolors\n",
    "        A pair of colors.  The first is used for values below a threshold,\n",
    "        the second for those above.  Optional.\n",
    "    threshold\n",
    "        Value in data units according to which the colors from textcolors are\n",
    "        applied.  If None (the default) uses the middle of the colormap as\n",
    "        separation.  Optional.\n",
    "    **kwargs\n",
    "        All other arguments are forwarded to each call to `text` used to create\n",
    "        the text labels.\n",
    "    \"\"\"\n",
    "\n",
    "    if not isinstance(data, (list, np.ndarray)):\n",
    "        data = im.get_array()\n",
    "\n",
    "    # Normalize the threshold to the images color range.\n",
    "    if threshold is not None:\n",
    "        threshold = im.norm(threshold)\n",
    "    else:\n",
    "        threshold = im.norm(data.max())/2.\n",
    "\n",
    "    # Set default alignment to center, but allow it to be\n",
    "    # overwritten by textkw.\n",
    "    kw = dict(horizontalalignment=\"center\",\n",
    "              verticalalignment=\"center\")\n",
    "    kw.update(textkw)\n",
    "\n",
    "    # Get the formatter in case a string is supplied\n",
    "    if isinstance(valfmt, str):\n",
    "        valfmt = matplotlib.ticker.StrMethodFormatter(valfmt)\n",
    "\n",
    "    # Loop over the data and create a `Text` for each \"pixel\".\n",
    "    # Change the text's color depending on the data.\n",
    "    texts = []\n",
    "    for i in range(data.shape[0]):\n",
    "        for j in range(data.shape[1]):\n",
    "            kw.update(color=textcolors[int(im.norm(data[i, j]) > threshold)])\n",
