{
 "cells": [
  {
   "cell_type": "code",
   "execution_count": 1,
   "id": "e7d9b041",
   "metadata": {},
   "outputs": [],
   "source": [
    "import pandas as pd\n",
    "import numpy as np\n",
    "from matplotlib import pyplot as plt\n",
    "import matplotlib"
   ]
  },
  {
   "cell_type": "code",
   "execution_count": 2,
   "id": "9f4f656d",
   "metadata": {},
   "outputs": [],
   "source": [
    "#configure\n",
    "path = \"align_RBS_2_to_all.csv\"\n",
    "out_name = \"\".join(path.split(\".\")[0])"
   ]
  },
  {
   "cell_type": "code",
   "execution_count": 3,
   "id": "83af13bf",
   "metadata": {},
   "outputs": [
    {
     "data": {
      "text/html": [
       "<div>\n",
       "<style scoped>\n",
       "    .dataframe tbody tr th:only-of-type {\n",
       "        vertical-align: middle;\n",
       "    }\n",
       "\n",
       "    .dataframe tbody tr th {\n",
       "        vertical-align: top;\n",
       "    }\n",
       "\n",
       "    .dataframe thead th {\n",
       "        text-align: right;\n",
       "    }\n",
       "</style>\n",
       "<table border=\"1\" class=\"dataframe\">\n",
       "  <thead>\n",
       "    <tr style=\"text-align: right;\">\n",
       "      <th></th>\n",
       "      <th>1RVZ_RBS</th>\n",
       "      <th>4FQR_RBS</th>\n",
       "      <th>human</th>\n",
       "      <th>H7</th>\n",
       "      <th>H5</th>\n",
       "      <th>H3</th>\n",
       "      <th>H2</th>\n",
       "      <th>H1</th>\n",
       "    </tr>\n",
       "  </thead>\n",
       "  <tbody>\n",
       "    <tr>\n",
       "      <th>1RVZ_RBS</th>\n",
       "      <td>0.000</td>\n",
       "      <td>1.143</td>\n",
       "      <td>1.313</td>\n",
       "      <td>0.792</td>\n",
       "      <td>0.806</td>\n",
       "      <td>1.384</td>\n",
       "      <td>0.719</td>\n",
       "      <td>0.623</td>\n",
       "    </tr>\n",
       "    <tr>\n",
       "      <th>4FQR_RBS</th>\n",
       "      <td>1.143</td>\n",
       "      <td>0.000</td>\n",
       "      <td>0.965</td>\n",
       "      <td>1.157</td>\n",
       "      <td>1.163</td>\n",
       "      <td>0.843</td>\n",
       "      <td>1.073</td>\n",
       "      <td>1.019</td>\n",
       "    </tr>\n",
       "    <tr>\n",
       "      <th>human</th>\n",
       "      <td>1.313</td>\n",
       "      <td>0.965</td>\n",
       "      <td>0.000</td>\n",
       "      <td>1.218</td>\n",
       "      <td>1.106</td>\n",
       "      <td>0.636</td>\n",
       "      <td>1.163</td>\n",
       "      <td>1.273</td>\n",
       "    </tr>\n",
       "    <tr>\n",
       "      <th>H7</th>\n",
       "      <td>0.792</td>\n",
       "      <td>1.157</td>\n",
       "      <td>1.218</td>\n",
       "      <td>0.000</td>\n",
       "      <td>0.954</td>\n",
       "      <td>1.327</td>\n",
       "      <td>0.675</td>\n",
       "      <td>0.795</td>\n",
       "    </tr>\n",
       "    <tr>\n",
       "      <th>H5</th>\n",
       "      <td>0.806</td>\n",
       "      <td>1.163</td>\n",
       "      <td>1.106</td>\n",
       "      <td>0.954</td>\n",
       "      <td>0.000</td>\n",
       "      <td>0.951</td>\n",
       "      <td>0.795</td>\n",
       "      <td>0.640</td>\n",
       "    </tr>\n",
       "    <tr>\n",
       "      <th>H3</th>\n",
       "      <td>1.384</td>\n",
       "      <td>0.843</td>\n",
       "      <td>0.636</td>\n",
       "      <td>1.327</td>\n",
       "      <td>0.951</td>\n",
       "      <td>0.000</td>\n",
       "      <td>1.159</td>\n",
       "      <td>1.060</td>\n",
       "    </tr>\n",
       "    <tr>\n",
       "      <th>H2</th>\n",
       "      <td>0.719</td>\n",
       "      <td>1.073</td>\n",
       "      <td>1.163</td>\n",
       "      <td>0.675</td>\n",
       "      <td>0.795</td>\n",
       "      <td>1.159</td>\n",
       "      <td>0.000</td>\n",
       "      <td>0.609</td>\n",
       "    </tr>\n",
       "    <tr>\n",
       "      <th>H1</th>\n",
       "      <td>0.623</td>\n",
       "      <td>1.019</td>\n",
       "      <td>1.273</td>\n",
       "      <td>0.795</td>\n",
       "      <td>0.640</td>\n",
       "      <td>1.060</td>\n",
       "      <td>0.609</td>\n",
       "      <td>0.000</td>\n",
       "    </tr>\n",
       "  </tbody>\n",
       "</table>\n",
       "</div>"
      ],
      "text/plain": [
       "          1RVZ_RBS  4FQR_RBS  human     H7     H5     H3     H2    H1 \n",
       "1RVZ_RBS     0.000     1.143  1.313  0.792  0.806  1.384  0.719  0.623\n",
       "4FQR_RBS     1.143     0.000  0.965  1.157  1.163  0.843  1.073  1.019\n",
       "human        1.313     0.965  0.000  1.218  1.106  0.636  1.163  1.273\n",
       "H7           0.792     1.157  1.218  0.000  0.954  1.327  0.675  0.795\n",
       "H5           0.806     1.163  1.106  0.954  0.000  0.951  0.795  0.640\n",
       "H3           1.384     0.843  0.636  1.327  0.951  0.000  1.159  1.060\n",
       "H2           0.719     1.073  1.163  0.675  0.795  1.159  0.000  0.609\n",
       "H1           0.623     1.019  1.273  0.795  0.640  1.060  0.609  0.000"
      ]
     },
     "execution_count": 3,
     "metadata": {},
     "output_type": "execute_result"
    }
   ],
   "source": [
    "df = pd.read_csv(path, index_col=0)\n",
    "df"
   ]
  },
  {
   "cell_type": "code",
   "execution_count": 4,
   "id": "087d3f27",
   "metadata": {},
   "outputs": [
    {
     "data": {
      "text/html": [
       "<div>\n",
       "<style scoped>\n",
       "    .dataframe tbody tr th:only-of-type {\n",
       "        vertical-align: middle;\n",
       "    }\n",
       "\n",
       "    .dataframe tbody tr th {\n",
       "        vertical-align: top;\n",
       "    }\n",
       "\n",
       "    .dataframe thead th {\n",
       "        text-align: right;\n",
       "    }\n",
       "</style>\n",
       "<table border=\"1\" class=\"dataframe\">\n",
       "  <thead>\n",
       "    <tr style=\"text-align: right;\">\n",
       "      <th></th>\n",
       "      <th>1RVZ_RBS</th>\n",
       "      <th>4FQR_RBS</th>\n",
       "      <th>human</th>\n",
       "      <th>H7</th>\n",
       "      <th>H5</th>\n",
       "      <th>H3</th>\n",
       "      <th>H2</th>\n",
       "      <th>H1</th>\n",
       "    </tr>\n",
       "  </thead>\n",
       "  <tbody>\n",
       "    <tr>\n",
       "      <th>count</th>\n",
       "      <td>8.000000</td>\n",
       "      <td>8.000000</td>\n",
       "      <td>8.000000</td>\n",
       "      <td>8.000000</td>\n",
       "      <td>8.000000</td>\n",
       "      <td>8.000000</td>\n",
       "      <td>8.000000</td>\n",
       "      <td>8.000000</td>\n",
       "    </tr>\n",
       "    <tr>\n",
       "      <th>mean</th>\n",
       "      <td>0.847500</td>\n",
       "      <td>0.920375</td>\n",
       "      <td>0.959250</td>\n",
       "      <td>0.864750</td>\n",
       "      <td>0.801875</td>\n",
       "      <td>0.920000</td>\n",
       "      <td>0.774125</td>\n",
       "      <td>0.752375</td>\n",
       "    </tr>\n",
       "    <tr>\n",
       "      <th>std</th>\n",
       "      <td>0.444299</td>\n",
       "      <td>0.387761</td>\n",
       "      <td>0.443728</td>\n",
       "      <td>0.418465</td>\n",
       "      <td>0.365973</td>\n",
       "      <td>0.445872</td>\n",
       "      <td>0.383315</td>\n",
       "      <td>0.388142</td>\n",
       "    </tr>\n",
       "    <tr>\n",
       "      <th>min</th>\n",
       "      <td>0.000000</td>\n",
       "      <td>0.000000</td>\n",
       "      <td>0.000000</td>\n",
       "      <td>0.000000</td>\n",
       "      <td>0.000000</td>\n",
       "      <td>0.000000</td>\n",
       "      <td>0.000000</td>\n",
       "      <td>0.000000</td>\n",
       "    </tr>\n",
       "    <tr>\n",
       "      <th>25%</th>\n",
       "      <td>0.695000</td>\n",
       "      <td>0.934500</td>\n",
       "      <td>0.882750</td>\n",
       "      <td>0.762750</td>\n",
       "      <td>0.756250</td>\n",
       "      <td>0.791250</td>\n",
       "      <td>0.658500</td>\n",
       "      <td>0.619500</td>\n",
       "    </tr>\n",
       "    <tr>\n",
       "      <th>50%</th>\n",
       "      <td>0.799000</td>\n",
       "      <td>1.046000</td>\n",
       "      <td>1.134500</td>\n",
       "      <td>0.874500</td>\n",
       "      <td>0.878500</td>\n",
       "      <td>1.005500</td>\n",
       "      <td>0.757000</td>\n",
       "      <td>0.717500</td>\n",
       "    </tr>\n",
       "    <tr>\n",
       "      <th>75%</th>\n",
       "      <td>1.185500</td>\n",
       "      <td>1.146500</td>\n",
       "      <td>1.231750</td>\n",
       "      <td>1.172250</td>\n",
       "      <td>0.992000</td>\n",
       "      <td>1.201000</td>\n",
       "      <td>1.094500</td>\n",
       "      <td>1.029250</td>\n",
       "    </tr>\n",
       "    <tr>\n",
       "      <th>max</th>\n",
       "      <td>1.384000</td>\n",
       "      <td>1.163000</td>\n",
       "      <td>1.313000</td>\n",
       "      <td>1.327000</td>\n",
       "      <td>1.163000</td>\n",
       "      <td>1.384000</td>\n",
       "      <td>1.163000</td>\n",
       "      <td>1.273000</td>\n",
       "    </tr>\n",
       "  </tbody>\n",
       "</table>\n",
       "</div>"
      ],
      "text/plain": [
       "       1RVZ_RBS  4FQR_RBS     human        H7        H5        H3        H2  \\\n",
       "count  8.000000  8.000000  8.000000  8.000000  8.000000  8.000000  8.000000   \n",
       "mean   0.847500  0.920375  0.959250  0.864750  0.801875  0.920000  0.774125   \n",
       "std    0.444299  0.387761  0.443728  0.418465  0.365973  0.445872  0.383315   \n",
       "min    0.000000  0.000000  0.000000  0.000000  0.000000  0.000000  0.000000   \n",
       "25%    0.695000  0.934500  0.882750  0.762750  0.756250  0.791250  0.658500   \n",
       "50%    0.799000  1.046000  1.134500  0.874500  0.878500  1.005500  0.757000   \n",
       "75%    1.185500  1.146500  1.231750  1.172250  0.992000  1.201000  1.094500   \n",
       "max    1.384000  1.163000  1.313000  1.327000  1.163000  1.384000  1.163000   \n",
       "\n",
       "            H1   \n",
       "count  8.000000  \n",
       "mean   0.752375  \n",
       "std    0.388142  \n",
       "min    0.000000  \n",
       "25%    0.619500  \n",
       "50%    0.717500  \n",
       "75%    1.029250  \n",
       "max    1.273000  "
      ]
     },
     "execution_count": 4,
     "metadata": {},
     "output_type": "execute_result"
    }
   ],
   "source": [
    "df.describe()"
   ]
  },
  {
   "cell_type": "code",
   "execution_count": 40,
   "id": "a91ef18a",
   "metadata": {},
   "outputs": [
    {
     "name": "stdout",
     "output_type": "stream",
     "text": [
      "H1_H3_H5_af H1_H3_H5_af\n",
      "H1_H3__af H1_H3__af\n",
      "H7_af H7_af\n",
      "H5_af H5_af\n",
      "H3_af H3_af\n",
      "H2_af H2_af\n",
      "H1_af H1_af\n",
      "human_af human_af\n"
     ]
    }
   ],
   "source": [
    "for name_c, name_r in zip(df.columns, df.index):\n",
    "    if \"H\" in name_c:\n",
    "        print(name_c, name_r)\n",
    "        df = df.rename(columns={name_c: name_c+\"_RBS\" }, index={name_r: name_r+\"_RBS\"})\n",
    "    else:\n",
    "        df = df.rename(columns={name_c: name_c+\"_monomer\"}, index={name_c: name_c+\"_monomer\"})\n",
    "        "
   ]
  },
  {
   "cell_type": "code",
   "execution_count": 5,
   "id": "5dd39456",
   "metadata": {},
   "outputs": [
    {
     "data": {
      "text/html": [
       "<div>\n",
       "<style scoped>\n",
       "    .dataframe tbody tr th:only-of-type {\n",
       "        vertical-align: middle;\n",
       "    }\n",
       "\n",
       "    .dataframe tbody tr th {\n",
       "        vertical-align: top;\n",
       "    }\n",
       "\n",
       "    .dataframe thead th {\n",
       "        text-align: right;\n",
       "    }\n",
       "</style>\n",
       "<table border=\"1\" class=\"dataframe\">\n",
       "  <thead>\n",
       "    <tr style=\"text-align: right;\">\n",
       "      <th></th>\n",
       "      <th>1RVZ_RBS</th>\n",
       "      <th>4FQR_RBS</th>\n",
       "      <th>human</th>\n",
       "      <th>H7</th>\n",
       "      <th>H5</th>\n",
       "      <th>H3</th>\n",
       "      <th>H2</th>\n",
       "      <th>H1</th>\n",
       "    </tr>\n",
       "  </thead>\n",
       "  <tbody>\n",
       "    <tr>\n",
       "      <th>1RVZ_RBS</th>\n",
       "      <td>0.000</td>\n",
       "      <td>1.143</td>\n",
       "      <td>1.313</td>\n",
       "      <td>0.792</td>\n",
       "      <td>0.806</td>\n",
       "      <td>1.384</td>\n",
       "      <td>0.719</td>\n",
       "      <td>0.623</td>\n",
       "    </tr>\n",
       "    <tr>\n",
       "      <th>4FQR_RBS</th>\n",
       "      <td>1.143</td>\n",
       "      <td>0.000</td>\n",
       "      <td>0.965</td>\n",
       "      <td>1.157</td>\n",
       "      <td>1.163</td>\n",
       "      <td>0.843</td>\n",
       "      <td>1.073</td>\n",
       "      <td>1.019</td>\n",
       "    </tr>\n",
       "    <tr>\n",
       "      <th>human</th>\n",
       "      <td>1.313</td>\n",
       "      <td>0.965</td>\n",
       "      <td>0.000</td>\n",
       "      <td>1.218</td>\n",
       "      <td>1.106</td>\n",
       "      <td>0.636</td>\n",
       "      <td>1.163</td>\n",
       "      <td>1.273</td>\n",
       "    </tr>\n",
       "    <tr>\n",
       "      <th>H7</th>\n",
       "      <td>0.792</td>\n",
       "      <td>1.157</td>\n",
       "      <td>1.218</td>\n",
       "      <td>0.000</td>\n",
       "      <td>0.954</td>\n",
       "      <td>1.327</td>\n",
       "      <td>0.675</td>\n",
       "      <td>0.795</td>\n",
       "    </tr>\n",
       "    <tr>\n",
       "      <th>H5</th>\n",
       "      <td>0.806</td>\n",
       "      <td>1.163</td>\n",
       "      <td>1.106</td>\n",
       "      <td>0.954</td>\n",
       "      <td>0.000</td>\n",
       "      <td>0.951</td>\n",
       "      <td>0.795</td>\n",
       "      <td>0.640</td>\n",
       "    </tr>\n",
       "    <tr>\n",
       "      <th>H3</th>\n",
       "      <td>1.384</td>\n",
       "      <td>0.843</td>\n",
       "      <td>0.636</td>\n",
       "      <td>1.327</td>\n",
       "      <td>0.951</td>\n",
       "      <td>0.000</td>\n",
       "      <td>1.159</td>\n",
       "      <td>1.060</td>\n",
       "    </tr>\n",
       "    <tr>\n",
       "      <th>H2</th>\n",
       "      <td>0.719</td>\n",
       "      <td>1.073</td>\n",
       "      <td>1.163</td>\n",
       "      <td>0.675</td>\n",
       "      <td>0.795</td>\n",
       "      <td>1.159</td>\n",
       "      <td>0.000</td>\n",
       "      <td>0.609</td>\n",
       "    </tr>\n",
       "    <tr>\n",
       "      <th>H1</th>\n",
       "      <td>0.623</td>\n",
       "      <td>1.019</td>\n",
       "      <td>1.273</td>\n",
       "      <td>0.795</td>\n",
       "      <td>0.640</td>\n",
       "      <td>1.060</td>\n",
       "      <td>0.609</td>\n",
       "      <td>0.000</td>\n",
       "    </tr>\n",
       "  </tbody>\n",
       "</table>\n",
       "</div>"
      ],
      "text/plain": [
       "          1RVZ_RBS  4FQR_RBS  human     H7     H5     H3     H2    H1 \n",
       "1RVZ_RBS     0.000     1.143  1.313  0.792  0.806  1.384  0.719  0.623\n",
       "4FQR_RBS     1.143     0.000  0.965  1.157  1.163  0.843  1.073  1.019\n",
       "human        1.313     0.965  0.000  1.218  1.106  0.636  1.163  1.273\n",
       "H7           0.792     1.157  1.218  0.000  0.954  1.327  0.675  0.795\n",
       "H5           0.806     1.163  1.106  0.954  0.000  0.951  0.795  0.640\n",
       "H3           1.384     0.843  0.636  1.327  0.951  0.000  1.159  1.060\n",
       "H2           0.719     1.073  1.163  0.675  0.795  1.159  0.000  0.609\n",
       "H1           0.623     1.019  1.273  0.795  0.640  1.060  0.609  0.000"
      ]
     },
     "execution_count": 5,
     "metadata": {},
     "output_type": "execute_result"
    }
   ],
   "source": [
    "df"
   ]
  },
  {
   "cell_type": "markdown",
   "id": "bd963e16",
   "metadata": {},
   "source": []
  },
  {
   "cell_type": "code",
   "execution_count": 50,
   "id": "23242717",
   "metadata": {},
   "outputs": [],
   "source": [
    "#df.describe().loc[\"mean\"].to_csv(\"RMSD_means.csv\")"
   ]
  },
  {
   "cell_type": "code",
   "execution_count": 6,
   "id": "d3234dc6",
   "metadata": {},
   "outputs": [
    {
     "data": {
      "text/html": [
       "<div>\n",
       "<style scoped>\n",
       "    .dataframe tbody tr th:only-of-type {\n",
       "        vertical-align: middle;\n",
       "    }\n",
       "\n",
       "    .dataframe tbody tr th {\n",
       "        vertical-align: top;\n",
       "    }\n",
       "\n",
       "    .dataframe thead th {\n",
       "        text-align: right;\n",
       "    }\n",
       "</style>\n",
       "<table border=\"1\" class=\"dataframe\">\n",
       "  <thead>\n",
       "    <tr style=\"text-align: right;\">\n",
       "      <th></th>\n",
       "      <th>1RVZ_RBS</th>\n",
       "      <th>4FQR_RBS</th>\n",
       "      <th>human</th>\n",
       "      <th>H7</th>\n",
       "      <th>H5</th>\n",
       "      <th>H3</th>\n",
       "      <th>H2</th>\n",
       "      <th>H1</th>\n",
       "    </tr>\n",
       "  </thead>\n",
       "  <tbody>\n",
       "    <tr>\n",
       "      <th>1RVZ_RBS</th>\n",
       "      <td>0.0000</td>\n",
       "      <td>1.143000</td>\n",
       "      <td>1.31300</td>\n",
       "      <td>0.79200</td>\n",
       "      <td>0.806000</td>\n",
       "      <td>1.384</td>\n",
       "      <td>0.719000</td>\n",
       "      <td>0.623000</td>\n",
       "    </tr>\n",
       "    <tr>\n",
       "      <th>4FQR_RBS</th>\n",
       "      <td>1.1430</td>\n",
       "      <td>0.000000</td>\n",
       "      <td>0.96500</td>\n",
       "      <td>1.15700</td>\n",
       "      <td>1.163000</td>\n",
       "      <td>0.843</td>\n",
       "      <td>1.073000</td>\n",
       "      <td>1.019000</td>\n",
       "    </tr>\n",
       "    <tr>\n",
       "      <th>human</th>\n",
       "      <td>1.3130</td>\n",
       "      <td>0.965000</td>\n",
       "      <td>0.00000</td>\n",
       "      <td>1.21800</td>\n",
       "      <td>1.106000</td>\n",
       "      <td>0.636</td>\n",
       "      <td>1.163000</td>\n",
       "      <td>1.273000</td>\n",
       "    </tr>\n",
       "    <tr>\n",
       "      <th>H7</th>\n",
       "      <td>0.7920</td>\n",
       "      <td>1.157000</td>\n",
       "      <td>1.21800</td>\n",
       "      <td>0.00000</td>\n",
       "      <td>0.954000</td>\n",
       "      <td>1.327</td>\n",
       "      <td>0.675000</td>\n",
       "      <td>0.795000</td>\n",
       "    </tr>\n",
       "    <tr>\n",
       "      <th>H5</th>\n",
       "      <td>0.8060</td>\n",
       "      <td>1.163000</td>\n",
       "      <td>1.10600</td>\n",
       "      <td>0.95400</td>\n",
       "      <td>0.000000</td>\n",
       "      <td>0.951</td>\n",
       "      <td>0.795000</td>\n",
       "      <td>0.640000</td>\n",
       "    </tr>\n",
       "    <tr>\n",
       "      <th>H3</th>\n",
       "      <td>1.3840</td>\n",
       "      <td>0.843000</td>\n",
       "      <td>0.63600</td>\n",
       "      <td>1.32700</td>\n",
       "      <td>0.951000</td>\n",
       "      <td>0.000</td>\n",
       "      <td>1.159000</td>\n",
       "      <td>1.060000</td>\n",
       "    </tr>\n",
       "    <tr>\n",
       "      <th>H2</th>\n",
       "      <td>0.7190</td>\n",
       "      <td>1.073000</td>\n",
       "      <td>1.16300</td>\n",
       "      <td>0.67500</td>\n",
       "      <td>0.795000</td>\n",
       "      <td>1.159</td>\n",
       "      <td>0.000000</td>\n",
       "      <td>0.609000</td>\n",
       "    </tr>\n",
       "    <tr>\n",
       "      <th>H1</th>\n",
       "      <td>0.6230</td>\n",
       "      <td>1.019000</td>\n",
       "      <td>1.27300</td>\n",
       "      <td>0.79500</td>\n",
       "      <td>0.640000</td>\n",
       "      <td>1.060</td>\n",
       "      <td>0.609000</td>\n",
       "      <td>0.000000</td>\n",
       "    </tr>\n",
       "    <tr>\n",
       "      <th>MEAN</th>\n",
       "      <td>0.8475</td>\n",
       "      <td>0.920375</td>\n",
       "      <td>0.95925</td>\n",
       "      <td>0.86475</td>\n",
       "      <td>0.801875</td>\n",
       "      <td>0.920</td>\n",
       "      <td>0.774125</td>\n",
       "      <td>0.752375</td>\n",
       "    </tr>\n",
       "  </tbody>\n",
       "</table>\n",
       "</div>"
      ],
      "text/plain": [
       "          1RVZ_RBS  4FQR_RBS    human       H7        H5     H3        H2  \\\n",
       "1RVZ_RBS    0.0000  1.143000  1.31300  0.79200  0.806000  1.384  0.719000   \n",
       "4FQR_RBS    1.1430  0.000000  0.96500  1.15700  1.163000  0.843  1.073000   \n",
       "human       1.3130  0.965000  0.00000  1.21800  1.106000  0.636  1.163000   \n",
       "H7          0.7920  1.157000  1.21800  0.00000  0.954000  1.327  0.675000   \n",
       "H5          0.8060  1.163000  1.10600  0.95400  0.000000  0.951  0.795000   \n",
       "H3          1.3840  0.843000  0.63600  1.32700  0.951000  0.000  1.159000   \n",
       "H2          0.7190  1.073000  1.16300  0.67500  0.795000  1.159  0.000000   \n",
       "H1          0.6230  1.019000  1.27300  0.79500  0.640000  1.060  0.609000   \n",
       "MEAN        0.8475  0.920375  0.95925  0.86475  0.801875  0.920  0.774125   \n",
       "\n",
       "               H1   \n",
       "1RVZ_RBS  0.623000  \n",
       "4FQR_RBS  1.019000  \n",
       "human     1.273000  \n",
       "H7        0.795000  \n",
       "H5        0.640000  \n",
       "H3        1.060000  \n",
       "H2        0.609000  \n",
       "H1        0.000000  \n",
       "MEAN      0.752375  "
      ]
     },
     "execution_count": 6,
     "metadata": {},
     "output_type": "execute_result"
    }
   ],
   "source": [
    "df.loc['MEAN'] = df.mean()\n",
    "df"
   ]
  },
  {
   "cell_type": "code",
   "execution_count": 7,
   "id": "c3ff71f9",
   "metadata": {},
   "outputs": [],
   "source": [
    "df.to_csv(path)"
   ]
  },
  {
   "cell_type": "code",
   "execution_count": 8,
   "id": "bcdc9bd0",
   "metadata": {},
   "outputs": [
    {
     "data": {
      "text/plain": [
       "(['1RVZ_RBS', '4FQR_RBS', 'human', 'H7', 'H5', 'H3', 'H2', 'H1 '],\n",
       " ['1RVZ_RBS', '4FQR_RBS', 'human', 'H7', 'H5', 'H3', 'H2', 'H1', 'MEAN'])"
      ]
     },
     "execution_count": 8,
     "metadata": {},
     "output_type": "execute_result"
    }
   ],
   "source": [
    "h_labels = list(df.columns)\n",
    "v_labels = list(df.index)\n",
    "h_labels, v_labels"
   ]
  },
  {
   "cell_type": "code",
   "execution_count": 9,
   "id": "c89130a0",
   "metadata": {},
   "outputs": [
    {
     "data": {
      "text/plain": [
       "array([[0.      , 1.143   , 1.313   , 0.792   , 0.806   , 1.384   ,\n",
       "        0.719   , 0.623   ],\n",
       "       [1.143   , 0.      , 0.965   , 1.157   , 1.163   , 0.843   ,\n",
       "        1.073   , 1.019   ],\n",
       "       [1.313   , 0.965   , 0.      , 1.218   , 1.106   , 0.636   ,\n",
       "        1.163   , 1.273   ],\n",
       "       [0.792   , 1.157   , 1.218   , 0.      , 0.954   , 1.327   ,\n",
       "        0.675   , 0.795   ],\n",
       "       [0.806   , 1.163   , 1.106   , 0.954   , 0.      , 0.951   ,\n",
       "        0.795   , 0.64    ],\n",
       "       [1.384   , 0.843   , 0.636   , 1.327   , 0.951   , 0.      ,\n",
       "        1.159   , 1.06    ],\n",
       "       [0.719   , 1.073   , 1.163   , 0.675   , 0.795   , 1.159   ,\n",
       "        0.      , 0.609   ],\n",
       "       [0.623   , 1.019   , 1.273   , 0.795   , 0.64    , 1.06    ,\n",
       "        0.609   , 0.      ],\n",
       "       [0.8475  , 0.920375, 0.95925 , 0.86475 , 0.801875, 0.92    ,\n",
       "        0.774125, 0.752375]])"
      ]
     },
     "execution_count": 9,
     "metadata": {},
     "output_type": "execute_result"
    }
   ],
   "source": [
    "matrix = df.to_numpy()\n",
    "matrix"
   ]
  },
  {
   "cell_type": "code",
   "execution_count": 10,
   "id": "b49e6a3d",
   "metadata": {},
   "outputs": [],
   "source": [
    "def heatmap(data, row_labels, col_labels, ax=None,\n",
    "            cbar_kw={}, cbarlabel=\"\", **kwargs):\n",
    "    \"\"\"\n",
    "    Create a heatmap from a numpy array and two lists of labels.\n",
    "\n",
    "    Parameters\n",
    "    ----------\n",
    "    data\n",
    "        A 2D numpy array of shape (M, N).\n",
    "    row_labels\n",
    "        A list or array of length M with the labels for the rows.\n",
    "    col_labels\n",
    "        A list or array of length N with the labels for the columns.\n",
    "    ax\n",
    "        A `matplotlib.axes.Axes` instance to which the heatmap is plotted.  If\n",
    "        not provided, use current axes or create a new one.  Optional.\n",
    "    cbar_kw\n",
    "        A dictionary with arguments to `matplotlib.Figure.colorbar`.  Optional.\n",
    "    cbarlabel\n",
    "        The label for the colorbar.  Optional.\n",
    "    **kwargs\n",
    "        All other arguments are forwarded to `imshow`.\n",
    "    \"\"\"\n",
    "\n",
    "    if not ax:\n",
    "        ax = plt.gca()\n",
    "\n",
    "    # Plot the heatmap\n",
    "    im = ax.imshow(data, **kwargs)\n",
    "\n",
    "    # Create colorbar\n",
    "    cbar = ax.figure.colorbar(im, ax=ax, **cbar_kw)\n",
    "    cbar.ax.set_ylabel(cbarlabel, rotation=-90, va=\"bottom\")\n",
    "\n",
    "    # Show all ticks and label them with the respective list entries.\n",
    "    ax.set_xticks(np.arange(data.shape[1]), labels=col_labels)\n",
    "    ax.set_yticks(np.arange(data.shape[0]), labels=row_labels)\n",
    "\n",
    "    # Let the horizontal axes labeling appear on top.\n",
    "    ax.tick_params(top=True, bottom=False,\n",
    "                   labeltop=True, labelbottom=False)\n",
    "\n",
    "    # Rotate the tick labels and set their alignment.\n",
    "    plt.setp(ax.get_xticklabels(), rotation=-60, ha=\"right\",\n",
    "             rotation_mode=\"anchor\")\n",
    "\n",
    "    # Turn spines off and create white grid.\n",
    "    ax.spines[:].set_visible(False)\n",
    "\n",
    "    ax.set_xticks(np.arange(data.shape[1]+1)-.5, minor=True)\n",
    "    ax.set_yticks(np.arange(data.shape[0]+1)-.5, minor=True)\n",
    "#     ax.grid(which=\"minor\", color=\"w\", linestyle='-', linewidth=3)\n",
    "#     ax.tick_params(which=\"minor\", bottom=False, left=False)\n",
    "\n",
    "    return im, cbar\n",
    "\n",
    "\n",
    "def annotate_heatmap(im, data=None, valfmt=\"{x:.2f}\",\n",
    "                     textcolors=(\"black\", \"white\"),\n",
    "                     threshold=None, **textkw):\n",
    "    \"\"\"\n",
    "    A function to annotate a heatmap.\n",
    "\n",
    "    Parameters\n",
    "    ----------\n",
    "    im\n",
    "        The AxesImage to be labeled.\n",
    "    data\n",
    "        Data used to annotate.  If None, the image's data is used.  Optional.\n",
    "    valfmt\n",
    "        The format of the annotations inside the heatmap.  This should either\n",
    "        use the string format method, e.g. \"$ {x:.2f}\", or be a\n",
    "        `matplotlib.ticker.Formatter`.  Optional.\n",
    "    textcolors\n",
    "        A pair of colors.  The first is used for values below a threshold,\n",
    "        the second for those above.  Optional.\n",
    "    threshold\n",
    "        Value in data units according to which the colors from textcolors are\n",
    "        applied.  If None (the default) uses the middle of the colormap as\n",
    "        separation.  Optional.\n",
    "    **kwargs\n",
    "        All other arguments are forwarded to each call to `text` used to create\n",
    "        the text labels.\n",
    "    \"\"\"\n",
    "\n",
    "    if not isinstance(data, (list, np.ndarray)):\n",
    "        data = im.get_array()\n",
    "\n",
    "    # Normalize the threshold to the images color range.\n",
    "    if threshold is not None:\n",
    "        threshold = im.norm(threshold)\n",
    "    else:\n",
    "        threshold = im.norm(data.max())/2.\n",
    "\n",
    "    # Set default alignment to center, but allow it to be\n",
    "    # overwritten by textkw.\n",
    "    kw = dict(horizontalalignment=\"center\",\n",
    "              verticalalignment=\"center\")\n",
    "    kw.update(textkw)\n",
    "\n",
    "    # Get the formatter in case a string is supplied\n",
    "    if isinstance(valfmt, str):\n",
    "        valfmt = matplotlib.ticker.StrMethodFormatter(valfmt)\n",
    "\n",
    "    # Loop over the data and create a `Text` for each \"pixel\".\n",
    "    # Change the text's color depending on the data.\n",
    "    texts = []\n",
    "    for i in range(data.shape[0]):\n",
    "        for j in range(data.shape[1]):\n",
    "            kw.update(color=textcolors[int(im.norm(data[i, j]) > threshold)])\n",
    "            text = im.axes.text(j, i, valfmt(data[i, j], None), **kw)\n",
    "            texts.append(text)\n",
    "\n",
    "    return texts"
   ]
  },
  {
   "cell_type": "code",
   "execution_count": 11,
   "id": "e025f4ab",
   "metadata": {},
   "outputs": [
    {
     "data": {
