{
 "cells": [
  {
   "cell_type": "code",
   "execution_count": 38,
   "id": "e7d9b041",
   "metadata": {},
   "outputs": [],
   "source": [
    "import pandas as pd\n",
    "import numpy as np\n",
    "from matplotlib import pyplot as plt\n",
    "import matplotlib"
   ]
  },
  {
   "cell_type": "code",
   "execution_count": 53,
   "id": "83af13bf",
   "metadata": {},
   "outputs": [
    {
     "data": {
      "text/html": [
       "<div>\n",
       "<style scoped>\n",
       "    .dataframe tbody tr th:only-of-type {\n",
       "        vertical-align: middle;\n",
       "    }\n",
       "\n",
       "    .dataframe tbody tr th {\n",
       "        vertical-align: top;\n",
       "    }\n",
       "\n",
       "    .dataframe thead th {\n",
       "        text-align: right;\n",
       "    }\n",
       "</style>\n",
       "<table border=\"1\" class=\"dataframe\">\n",
       "  <thead>\n",
       "    <tr style=\"text-align: right;\">\n",
       "      <th></th>\n",
       "      <th>1RVZ</th>\n",
       "      <th>H1</th>\n",
       "      <th>H2</th>\n",
       "      <th>H3</th>\n",
       "      <th>H5</th>\n",
       "      <th>H7</th>\n",
       "      <th>H1_H3</th>\n",
       "      <th>H1_H3_H5</th>\n",
       "      <th>human</th>\n",
       "    </tr>\n",
       "  </thead>\n",
       "  <tbody>\n",
       "    <tr>\n",
       "      <th>1RVZ</th>\n",
       "      <td>0.000</td>\n",
       "      <td>0.857</td>\n",
       "      <td>1.074</td>\n",
       "      <td>0.956</td>\n",
       "      <td>0.982</td>\n",
       "      <td>0.944</td>\n",
       "      <td>0.841</td>\n",
       "      <td>0.989</td>\n",
       "      <td>0.821</td>\n",
       "    </tr>\n",
       "    <tr>\n",
       "      <th>H1</th>\n",
       "      <td>0.857</td>\n",
       "      <td>0.000</td>\n",
       "      <td>0.817</td>\n",
       "      <td>0.632</td>\n",
       "      <td>0.668</td>\n",
       "      <td>0.750</td>\n",
       "      <td>0.678</td>\n",
       "      <td>0.618</td>\n",
       "      <td>0.552</td>\n",
       "    </tr>\n",
       "    <tr>\n",
       "      <th>H2</th>\n",
       "      <td>1.074</td>\n",
       "      <td>0.817</td>\n",
       "      <td>0.000</td>\n",
       "      <td>0.833</td>\n",
       "      <td>0.551</td>\n",
       "      <td>0.822</td>\n",
       "      <td>0.670</td>\n",
       "      <td>0.648</td>\n",
       "      <td>0.738</td>\n",
       "    </tr>\n",
       "    <tr>\n",
       "      <th>H3</th>\n",
       "      <td>0.956</td>\n",
       "      <td>0.632</td>\n",
       "      <td>0.833</td>\n",
       "      <td>0.000</td>\n",
       "      <td>0.874</td>\n",
       "      <td>0.719</td>\n",
       "      <td>0.738</td>\n",
       "      <td>0.786</td>\n",
       "      <td>0.646</td>\n",
       "    </tr>\n",
       "    <tr>\n",
       "      <th>H5</th>\n",
       "      <td>0.982</td>\n",
       "      <td>0.668</td>\n",
       "      <td>0.551</td>\n",
       "      <td>0.874</td>\n",
       "      <td>0.000</td>\n",
       "      <td>0.833</td>\n",
       "      <td>0.550</td>\n",
       "      <td>0.507</td>\n",
       "      <td>0.812</td>\n",
       "    </tr>\n",
       "    <tr>\n",
       "      <th>H7</th>\n",
       "      <td>0.944</td>\n",
       "      <td>0.750</td>\n",
       "      <td>0.822</td>\n",
       "      <td>0.719</td>\n",
       "      <td>0.833</td>\n",
       "      <td>0.000</td>\n",
       "      <td>0.760</td>\n",
       "      <td>0.843</td>\n",
       "      <td>0.786</td>\n",
       "    </tr>\n",
       "    <tr>\n",
       "      <th>H1_H3</th>\n",
       "      <td>0.841</td>\n",
       "      <td>0.678</td>\n",
       "      <td>0.670</td>\n",
       "      <td>0.738</td>\n",
       "      <td>0.550</td>\n",
       "      <td>0.760</td>\n",
       "      <td>0.000</td>\n",
       "      <td>0.558</td>\n",
       "      <td>0.577</td>\n",
       "    </tr>\n",
       "    <tr>\n",
       "      <th>H1_H3_H5</th>\n",
       "      <td>0.989</td>\n",
       "      <td>0.618</td>\n",
       "      <td>0.648</td>\n",
       "      <td>0.786</td>\n",
       "      <td>0.507</td>\n",
       "      <td>0.843</td>\n",
       "      <td>0.558</td>\n",
       "      <td>0.000</td>\n",
       "      <td>0.628</td>\n",
       "    </tr>\n",
       "    <tr>\n",
       "      <th>human</th>\n",
       "      <td>0.821</td>\n",
       "      <td>0.552</td>\n",
       "      <td>0.738</td>\n",
       "      <td>0.646</td>\n",
       "      <td>0.812</td>\n",
       "      <td>0.786</td>\n",
       "      <td>0.577</td>\n",
       "      <td>0.628</td>\n",
       "      <td>0.000</td>\n",
       "    </tr>\n",
       "  </tbody>\n",
       "</table>\n",
       "</div>"
      ],
      "text/plain": [
       "           1RVZ     H1     H2     H3     H5     H7  H1_H3  H1_H3_H5  human \n",
       "1RVZ      0.000  0.857  1.074  0.956  0.982  0.944  0.841     0.989   0.821\n",
       "H1        0.857  0.000  0.817  0.632  0.668  0.750  0.678     0.618   0.552\n",
       "H2        1.074  0.817  0.000  0.833  0.551  0.822  0.670     0.648   0.738\n",
       "H3        0.956  0.632  0.833  0.000  0.874  0.719  0.738     0.786   0.646\n",
       "H5        0.982  0.668  0.551  0.874  0.000  0.833  0.550     0.507   0.812\n",
       "H7        0.944  0.750  0.822  0.719  0.833  0.000  0.760     0.843   0.786\n",
       "H1_H3     0.841  0.678  0.670  0.738  0.550  0.760  0.000     0.558   0.577\n",
       "H1_H3_H5  0.989  0.618  0.648  0.786  0.507  0.843  0.558     0.000   0.628\n",
       "human     0.821  0.552  0.738  0.646  0.812  0.786  0.577     0.628   0.000"
      ]
     },
     "execution_count": 53,
     "metadata": {},
     "output_type": "execute_result"
    }
   ],
   "source": [
    "df = pd.read_csv(\"align_output.csv\", index_col=0)\n",
    "df"
   ]
  },
  {
   "cell_type": "code",
   "execution_count": 54,
   "id": "087d3f27",
   "metadata": {},
   "outputs": [
    {
     "data": {
      "text/html": [
       "<div>\n",
       "<style scoped>\n",
       "    .dataframe tbody tr th:only-of-type {\n",
       "        vertical-align: middle;\n",
       "    }\n",
       "\n",
       "    .dataframe tbody tr th {\n",
       "        vertical-align: top;\n",
       "    }\n",
       "\n",
       "    .dataframe thead th {\n",
       "        text-align: right;\n",
       "    }\n",
       "</style>\n",
       "<table border=\"1\" class=\"dataframe\">\n",
       "  <thead>\n",
       "    <tr style=\"text-align: right;\">\n",
       "      <th></th>\n",
       "      <th>1RVZ</th>\n",
       "      <th>H1</th>\n",
       "      <th>H2</th>\n",
       "      <th>H3</th>\n",
       "      <th>H5</th>\n",
       "      <th>H7</th>\n",
       "      <th>H1_H3</th>\n",
       "      <th>H1_H3_H5</th>\n",
       "      <th>human</th>\n",
       "    </tr>\n",
       "  </thead>\n",
       "  <tbody>\n",
       "    <tr>\n",
       "      <th>count</th>\n",
       "      <td>9.000000</td>\n",
       "      <td>9.000000</td>\n",
       "      <td>9.000000</td>\n",
       "      <td>9.000000</td>\n",
       "      <td>9.000000</td>\n",
       "      <td>9.000000</td>\n",
       "      <td>9.000000</td>\n",
       "      <td>9.000000</td>\n",
       "      <td>9.000000</td>\n",
       "    </tr>\n",
       "    <tr>\n",
       "      <th>mean</th>\n",
       "      <td>0.829333</td>\n",
       "      <td>0.619111</td>\n",
       "      <td>0.683667</td>\n",
       "      <td>0.687111</td>\n",
       "      <td>0.641889</td>\n",
       "      <td>0.717444</td>\n",
       "      <td>0.596889</td>\n",
       "      <td>0.619667</td>\n",
       "      <td>0.617778</td>\n",
       "    </tr>\n",
       "    <tr>\n",
       "      <th>std</th>\n",
       "      <td>0.321446</td>\n",
       "      <td>0.251672</td>\n",
       "      <td>0.296012</td>\n",
       "      <td>0.278107</td>\n",
       "      <td>0.292108</td>\n",
       "      <td>0.276965</td>\n",
       "      <td>0.244544</td>\n",
       "      <td>0.277333</td>\n",
       "      <td>0.252565</td>\n",
       "    </tr>\n",
       "    <tr>\n",
       "      <th>min</th>\n",
       "      <td>0.000000</td>\n",
       "      <td>0.000000</td>\n",
       "      <td>0.000000</td>\n",
       "      <td>0.000000</td>\n",
       "      <td>0.000000</td>\n",
       "      <td>0.000000</td>\n",
       "      <td>0.000000</td>\n",
       "      <td>0.000000</td>\n",
       "      <td>0.000000</td>\n",
       "    </tr>\n",
       "    <tr>\n",
       "      <th>25%</th>\n",
       "      <td>0.841000</td>\n",
       "      <td>0.618000</td>\n",
       "      <td>0.648000</td>\n",
       "      <td>0.646000</td>\n",
       "      <td>0.550000</td>\n",
       "      <td>0.750000</td>\n",
       "      <td>0.558000</td>\n",
       "      <td>0.558000</td>\n",
       "      <td>0.577000</td>\n",
       "    </tr>\n",
       "    <tr>\n",
       "      <th>50%</th>\n",
       "      <td>0.944000</td>\n",
       "      <td>0.668000</td>\n",
       "      <td>0.738000</td>\n",
       "      <td>0.738000</td>\n",
       "      <td>0.668000</td>\n",
       "      <td>0.786000</td>\n",
       "      <td>0.670000</td>\n",
       "      <td>0.628000</td>\n",
       "      <td>0.646000</td>\n",
       "    </tr>\n",
       "    <tr>\n",
       "      <th>75%</th>\n",
       "      <td>0.982000</td>\n",
       "      <td>0.750000</td>\n",
       "      <td>0.822000</td>\n",
       "      <td>0.833000</td>\n",
       "      <td>0.833000</td>\n",
       "      <td>0.833000</td>\n",
       "      <td>0.738000</td>\n",
       "      <td>0.786000</td>\n",
       "      <td>0.786000</td>\n",
       "    </tr>\n",
       "    <tr>\n",
       "      <th>max</th>\n",
       "      <td>1.074000</td>\n",
       "      <td>0.857000</td>\n",
       "      <td>1.074000</td>\n",
       "      <td>0.956000</td>\n",
       "      <td>0.982000</td>\n",
       "      <td>0.944000</td>\n",
       "      <td>0.841000</td>\n",
       "      <td>0.989000</td>\n",
       "      <td>0.821000</td>\n",
       "    </tr>\n",
       "  </tbody>\n",
       "</table>\n",
       "</div>"
      ],
      "text/plain": [
       "           1RVZ        H1        H2        H3        H5        H7     H1_H3  \\\n",
       "count  9.000000  9.000000  9.000000  9.000000  9.000000  9.000000  9.000000   \n",
       "mean   0.829333  0.619111  0.683667  0.687111  0.641889  0.717444  0.596889   \n",
       "std    0.321446  0.251672  0.296012  0.278107  0.292108  0.276965  0.244544   \n",
       "min    0.000000  0.000000  0.000000  0.000000  0.000000  0.000000  0.000000   \n",
       "25%    0.841000  0.618000  0.648000  0.646000  0.550000  0.750000  0.558000   \n",
       "50%    0.944000  0.668000  0.738000  0.738000  0.668000  0.786000  0.670000   \n",
       "75%    0.982000  0.750000  0.822000  0.833000  0.833000  0.833000  0.738000   \n",
       "max    1.074000  0.857000  1.074000  0.956000  0.982000  0.944000  0.841000   \n",
       "\n",
       "       H1_H3_H5    human   \n",
       "count  9.000000  9.000000  \n",
       "mean   0.619667  0.617778  \n",
       "std    0.277333  0.252565  \n",
       "min    0.000000  0.000000  \n",
       "25%    0.558000  0.577000  \n",
       "50%    0.628000  0.646000  \n",
       "75%    0.786000  0.786000  \n",
       "max    0.989000  0.821000  "
      ]
     },
     "execution_count": 54,
     "metadata": {},
     "output_type": "execute_result"
    }
   ],
   "source": [
    "df.describe()"
   ]
  },
  {
   "cell_type": "code",
   "execution_count": 50,
   "id": "23242717",
   "metadata": {},
   "outputs": [],
   "source": [
    "#df.describe().loc[\"mean\"].to_csv(\"RMSD_means.csv\")"
   ]
  },
  {
   "cell_type": "code",
   "execution_count": 55,
   "id": "d3234dc6",
   "metadata": {},
   "outputs": [
    {
     "data": {
      "text/html": [
       "<div>\n",
       "<style scoped>\n",
       "    .dataframe tbody tr th:only-of-type {\n",
       "        vertical-align: middle;\n",
       "    }\n",
       "\n",
       "    .dataframe tbody tr th {\n",
       "        vertical-align: top;\n",
       "    }\n",
       "\n",
       "    .dataframe thead th {\n",
       "        text-align: right;\n",
       "    }\n",
       "</style>\n",
       "<table border=\"1\" class=\"dataframe\">\n",
       "  <thead>\n",
       "    <tr style=\"text-align: right;\">\n",
       "      <th></th>\n",
       "      <th>1RVZ</th>\n",
       "      <th>H1</th>\n",
       "      <th>H2</th>\n",
       "      <th>H3</th>\n",
       "      <th>H5</th>\n",
       "      <th>H7</th>\n",
       "      <th>H1_H3</th>\n",
       "      <th>H1_H3_H5</th>\n",
       "      <th>human</th>\n",
       "    </tr>\n",
       "  </thead>\n",
       "  <tbody>\n",
       "    <tr>\n",
       "      <th>1RVZ</th>\n",
       "      <td>0.000000</td>\n",
       "      <td>0.857000</td>\n",
       "      <td>1.074000</td>\n",
       "      <td>0.956000</td>\n",
       "      <td>0.982000</td>\n",
       "      <td>0.944000</td>\n",
       "      <td>0.841000</td>\n",
       "      <td>0.989000</td>\n",
       "      <td>0.821000</td>\n",
       "    </tr>\n",
       "    <tr>\n",
       "      <th>H1</th>\n",
       "      <td>0.857000</td>\n",
       "      <td>0.000000</td>\n",
       "      <td>0.817000</td>\n",
       "      <td>0.632000</td>\n",
       "      <td>0.668000</td>\n",
       "      <td>0.750000</td>\n",
       "      <td>0.678000</td>\n",
       "      <td>0.618000</td>\n",
       "      <td>0.552000</td>\n",
       "    </tr>\n",
       "    <tr>\n",
       "      <th>H2</th>\n",
       "      <td>1.074000</td>\n",
       "      <td>0.817000</td>\n",
       "      <td>0.000000</td>\n",
       "      <td>0.833000</td>\n",
       "      <td>0.551000</td>\n",
       "      <td>0.822000</td>\n",
       "      <td>0.670000</td>\n",
       "      <td>0.648000</td>\n",
       "      <td>0.738000</td>\n",
       "    </tr>\n",
       "    <tr>\n",
       "      <th>H3</th>\n",
       "      <td>0.956000</td>\n",
       "      <td>0.632000</td>\n",
       "      <td>0.833000</td>\n",
       "      <td>0.000000</td>\n",
       "      <td>0.874000</td>\n",
       "      <td>0.719000</td>\n",
       "      <td>0.738000</td>\n",
       "      <td>0.786000</td>\n",
       "      <td>0.646000</td>\n",
       "    </tr>\n",
       "    <tr>\n",
       "      <th>H5</th>\n",
       "      <td>0.982000</td>\n",
       "      <td>0.668000</td>\n",
       "      <td>0.551000</td>\n",
       "      <td>0.874000</td>\n",
       "      <td>0.000000</td>\n",
       "      <td>0.833000</td>\n",
       "      <td>0.550000</td>\n",
       "      <td>0.507000</td>\n",
       "      <td>0.812000</td>\n",
       "    </tr>\n",
       "    <tr>\n",
       "      <th>H7</th>\n",
       "      <td>0.944000</td>\n",
       "      <td>0.750000</td>\n",
       "      <td>0.822000</td>\n",
       "      <td>0.719000</td>\n",
       "      <td>0.833000</td>\n",
       "      <td>0.000000</td>\n",
       "      <td>0.760000</td>\n",
       "      <td>0.843000</td>\n",
       "      <td>0.786000</td>\n",
       "    </tr>\n",
       "    <tr>\n",
       "      <th>H1_H3</th>\n",
       "      <td>0.841000</td>\n",
       "      <td>0.678000</td>\n",
       "      <td>0.670000</td>\n",
       "      <td>0.738000</td>\n",
       "      <td>0.550000</td>\n",
       "      <td>0.760000</td>\n",
       "      <td>0.000000</td>\n",
       "      <td>0.558000</td>\n",
       "      <td>0.577000</td>\n",
       "    </tr>\n",
       "    <tr>\n",
       "      <th>H1_H3_H5</th>\n",
       "      <td>0.989000</td>\n",
       "      <td>0.618000</td>\n",
       "      <td>0.648000</td>\n",
       "      <td>0.786000</td>\n",
       "      <td>0.507000</td>\n",
       "      <td>0.843000</td>\n",
       "      <td>0.558000</td>\n",
       "      <td>0.000000</td>\n",
       "      <td>0.628000</td>\n",
       "    </tr>\n",
       "    <tr>\n",
       "      <th>human</th>\n",
       "      <td>0.821000</td>\n",
       "      <td>0.552000</td>\n",
       "      <td>0.738000</td>\n",
       "      <td>0.646000</td>\n",
       "      <td>0.812000</td>\n",
       "      <td>0.786000</td>\n",
       "      <td>0.577000</td>\n",
       "      <td>0.628000</td>\n",
       "      <td>0.000000</td>\n",
       "    </tr>\n",
       "    <tr>\n",
       "      <th>MEAN</th>\n",
       "      <td>0.829333</td>\n",
       "      <td>0.619111</td>\n",
       "      <td>0.683667</td>\n",
       "      <td>0.687111</td>\n",
       "      <td>0.641889</td>\n",
       "      <td>0.717444</td>\n",
       "      <td>0.596889</td>\n",
       "      <td>0.619667</td>\n",
       "      <td>0.617778</td>\n",
       "    </tr>\n",
       "  </tbody>\n",
       "</table>\n",
       "</div>"
      ],
      "text/plain": [
       "              1RVZ        H1        H2        H3        H5        H7  \\\n",
       "1RVZ      0.000000  0.857000  1.074000  0.956000  0.982000  0.944000   \n",
       "H1        0.857000  0.000000  0.817000  0.632000  0.668000  0.750000   \n",
       "H2        1.074000  0.817000  0.000000  0.833000  0.551000  0.822000   \n",
       "H3        0.956000  0.632000  0.833000  0.000000  0.874000  0.719000   \n",
       "H5        0.982000  0.668000  0.551000  0.874000  0.000000  0.833000   \n",
       "H7        0.944000  0.750000  0.822000  0.719000  0.833000  0.000000   \n",
       "H1_H3     0.841000  0.678000  0.670000  0.738000  0.550000  0.760000   \n",
       "H1_H3_H5  0.989000  0.618000  0.648000  0.786000  0.507000  0.843000   \n",
       "human     0.821000  0.552000  0.738000  0.646000  0.812000  0.786000   \n",
       "MEAN      0.829333  0.619111  0.683667  0.687111  0.641889  0.717444   \n",
       "\n",
       "             H1_H3  H1_H3_H5    human   \n",
       "1RVZ      0.841000  0.989000  0.821000  \n",
       "H1        0.678000  0.618000  0.552000  \n",
       "H2        0.670000  0.648000  0.738000  \n",
       "H3        0.738000  0.786000  0.646000  \n",
       "H5        0.550000  0.507000  0.812000  \n",
       "H7        0.760000  0.843000  0.786000  \n",
       "H1_H3     0.000000  0.558000  0.577000  \n",
       "H1_H3_H5  0.558000  0.000000  0.628000  \n",
       "human     0.577000  0.628000  0.000000  \n",
       "MEAN      0.596889  0.619667  0.617778  "
      ]
     },
     "execution_count": 55,
     "metadata": {},
     "output_type": "execute_result"
    }
   ],
   "source": [
    "df.loc['MEAN'] = df.mean()\n",
    "df"
   ]
  },
  {
   "cell_type": "code",
   "execution_count": 63,
   "id": "c3ff71f9",
   "metadata": {},
   "outputs": [],
   "source": [
    "df.to_csv(\"Align_outputs_processed.csv\")"
   ]
  },
  {
   "cell_type": "code",
   "execution_count": 57,
   "id": "bcdc9bd0",
   "metadata": {},
   "outputs": [
    {
     "data": {
      "text/plain": [
       "(['1RVZ', 'H1', 'H2', 'H3', 'H5', 'H7', 'H1_H3', 'H1_H3_H5', 'human '],\n",
       " ['1RVZ', 'H1', 'H2', 'H3', 'H5', 'H7', 'H1_H3', 'H1_H3_H5', 'human', 'MEAN'])"
      ]
     },
     "execution_count": 57,
     "metadata": {},
     "output_type": "execute_result"
    }
   ],
   "source": [
    "h_labels = list(df.columns)\n",
    "v_labels = list(df.index)\n",
    "h_labels, v_labels"
   ]
  },
  {
   "cell_type": "code",
   "execution_count": 58,
   "id": "c89130a0",
   "metadata": {},
   "outputs": [
    {
     "data": {
      "text/plain": [
       "array([[0.        , 0.857     , 1.074     , 0.956     , 0.982     ,\n",
       "        0.944     , 0.841     , 0.989     , 0.821     ],\n",
       "       [0.857     , 0.        , 0.817     , 0.632     , 0.668     ,\n",
       "        0.75      , 0.678     , 0.618     , 0.552     ],\n",
       "       [1.074     , 0.817     , 0.        , 0.833     , 0.551     ,\n",
       "        0.822     , 0.67      , 0.648     , 0.738     ],\n",
       "       [0.956     , 0.632     , 0.833     , 0.        , 0.874     ,\n",
       "        0.719     , 0.738     , 0.786     , 0.646     ],\n",
       "       [0.982     , 0.668     , 0.551     , 0.874     , 0.        ,\n",
       "        0.833     , 0.55      , 0.507     , 0.812     ],\n",
       "       [0.944     , 0.75      , 0.822     , 0.719     , 0.833     ,\n",
       "        0.        , 0.76      , 0.843     , 0.786     ],\n",
       "       [0.841     , 0.678     , 0.67      , 0.738     , 0.55      ,\n",
       "        0.76      , 0.        , 0.558     , 0.577     ],\n",
       "       [0.989     , 0.618     , 0.648     , 0.786     , 0.507     ,\n",
       "        0.843     , 0.558     , 0.        , 0.628     ],\n",
       "       [0.821     , 0.552     , 0.738     , 0.646     , 0.812     ,\n",
       "        0.786     , 0.577     , 0.628     , 0.        ],\n",
       "       [0.82933333, 0.61911111, 0.68366667, 0.68711111, 0.64188889,\n",
       "        0.71744444, 0.59688889, 0.61966667, 0.61777778]])"
      ]
     },
     "execution_count": 58,
     "metadata": {},
     "output_type": "execute_result"
    }
   ],
   "source": [
    "matrix = df.to_numpy()\n",
    "matrix"
   ]
  },
  {
   "cell_type": "code",
   "execution_count": 59,
   "id": "b49e6a3d",
   "metadata": {},
   "outputs": [],
   "source": [
    "def heatmap(data, row_labels, col_labels, ax=None,\n",
    "            cbar_kw={}, cbarlabel=\"\", **kwargs):\n",
    "    \"\"\"\n",
    "    Create a heatmap from a numpy array and two lists of labels.\n",
    "\n",
    "    Parameters\n",
    "    ----------\n",
    "    data\n",
    "        A 2D numpy array of shape (M, N).\n",
    "    row_labels\n",
    "        A list or array of length M with the labels for the rows.\n",
    "    col_labels\n",
    "        A list or array of length N with the labels for the columns.\n",
    "    ax\n",
    "        A `matplotlib.axes.Axes` instance to which the heatmap is plotted.  If\n",
    "        not provided, use current axes or create a new one.  Optional.\n",
    "    cbar_kw\n",
    "        A dictionary with arguments to `matplotlib.Figure.colorbar`.  Optional.\n",
    "    cbarlabel\n",
    "        The label for the colorbar.  Optional.\n",
    "    **kwargs\n",
    "        All other arguments are forwarded to `imshow`.\n",
    "    \"\"\"\n",
    "\n",
    "    if not ax:\n",
    "        ax = plt.gca()\n",
    "\n",
    "    # Plot the heatmap\n",
    "    im = ax.imshow(data, **kwargs)\n",
    "\n",
    "    # Create colorbar\n",
    "    cbar = ax.figure.colorbar(im, ax=ax, **cbar_kw)\n",
    "    cbar.ax.set_ylabel(cbarlabel, rotation=-90, va=\"bottom\")\n",
    "\n",
    "    # Show all ticks and label them with the respective list entries.\n",
    "    ax.set_xticks(np.arange(data.shape[1]), labels=col_labels)\n",
    "    ax.set_yticks(np.arange(data.shape[0]), labels=row_labels)\n",
    "\n",
    "    # Let the horizontal axes labeling appear on top.\n",
    "    ax.tick_params(top=True, bottom=False,\n",
    "                   labeltop=True, labelbottom=False)\n",
    "\n",
    "    # Rotate the tick labels and set their alignment.\n",
    "    plt.setp(ax.get_xticklabels(), rotation=-60, ha=\"right\",\n",
    "             rotation_mode=\"anchor\")\n",
    "\n",
    "    # Turn spines off and create white grid.\n",
    "    ax.spines[:].set_visible(False)\n",
    "\n",
    "    ax.set_xticks(np.arange(data.shape[1]+1)-.5, minor=True)\n",
    "    ax.set_yticks(np.arange(data.shape[0]+1)-.5, minor=True)\n",
    "#     ax.grid(which=\"minor\", color=\"w\", linestyle='-', linewidth=3)\n",
    "#     ax.tick_params(which=\"minor\", bottom=False, left=False)\n",
    "\n",
    "    return im, cbar\n",
    "\n",
    "\n",
    "def annotate_heatmap(im, data=None, valfmt=\"{x:.2f}\",\n",
    "                     textcolors=(\"black\", \"white\"),\n",
    "                     threshold=None, **textkw):\n",
    "    \"\"\"\n",
    "    A function to annotate a heatmap.\n",
    "\n",
    "    Parameters\n",
    "    ----------\n",
    "    im\n",
    "        The AxesImage to be labeled.\n",
    "    data\n",
    "        Data used to annotate.  If None, the image's data is used.  Optional.\n",
    "    valfmt\n",
    "        The format of the annotations inside the heatmap.  This should either\n",
    "        use the string format method, e.g. \"$ {x:.2f}\", or be a\n",
    "        `matplotlib.ticker.Formatter`.  Optional.\n",
    "    textcolors\n",
    "        A pair of colors.  The first is used for values below a threshold,\n",
    "        the second for those above.  Optional.\n",
    "    threshold\n",
    "        Value in data units according to which the colors from textcolors are\n",
    "        applied.  If None (the default) uses the middle of the colormap as\n",
    "        separation.  Optional.\n",
    "    **kwargs\n",
    "        All other arguments are forwarded to each call to `text` used to create\n",
    "        the text labels.\n",
    "    \"\"\"\n",
    "\n",
    "    if not isinstance(data, (list, np.ndarray)):\n",
    "        data = im.get_array()\n",
    "\n",
    "    # Normalize the threshold to the images color range.\n",
    "    if threshold is not None:\n",
    "        threshold = im.norm(threshold)\n",
    "    else:\n",
    "        threshold = im.norm(data.max())/2.\n",
    "\n",
    "    # Set default alignment to center, but allow it to be\n",
    "    # overwritten by textkw.\n",
    "    kw = dict(horizontalalignment=\"center\",\n",
    "              verticalalignment=\"center\")\n",
    "    kw.update(textkw)\n",
    "\n",
    "    # Get the formatter in case a string is supplied\n",
    "    if isinstance(valfmt, str):\n",
    "        valfmt = matplotlib.ticker.StrMethodFormatter(valfmt)\n",
    "\n",
    "    # Loop over the data and create a `Text` for each \"pixel\".\n",
    "    # Change the text's color depending on the data.\n",
    "    texts = []\n",
    "    for i in range(data.shape[0]):\n",
    "        for j in range(data.shape[1]):\n",
    "            kw.update(color=textcolors[int(im.norm(data[i, j]) > threshold)])\n",
    "            text = im.axes.text(j, i, valfmt(data[i, j], None), **kw)\n",
    "            texts.append(text)\n",
    "\n",
    "    return texts"
   ]
  },
  {
   "cell_type": "code",
   "execution_count": 62,
   "id": "e025f4ab",
   "metadata": {},
   "outputs": [
    {
     "data": {
